0	12	
12	0	
0	259	
259	0	
0	553	
553	0	
1	66	
66	1	
1	569	
569	1	
1	664	
664	1	
2	65	
65	2	
2	570	
570	2	
2	663	
663	2	
3	67	
67	3	
3	571	
571	3	
3	665	
665	3	
4	68	
68	4	
4	572	
572	4	
4	666	
666	4	
5	8	
8	5	
5	36	
36	5	
5	221	
221	5	
6	9	
9	6	
6	37	
37	6	
6	222	
222	6	
7	128	
128	7	
7	297	
297	7	
7	2633	
2633	7	
8	578	
578	8	
8	1499	
1499	8	
9	579	
579	9	
9	1500	
1500	9	
10	38	
38	10	
10	377	
377	10	
10	1966	
1966	10	
11	25	
25	11	
11	774	
774	11	
11	1193	
1193	11	
12	371	
371	12	
12	869	
869	12	
13	321	
321	13	
13	326	
326	13	
13	1102	
1102	13	
14	48	
48	14	
14	635	
635	14	
14	1586	
1586	14	
15	49	
49	15	
15	636	
636	15	
15	1587	
1587	15	
16	50	
50	16	
16	637	
637	16	
16	1588	
1588	16	
17	40	
40	17	
17	316	
316	17	
17	1837	
1837	17	
18	41	
41	18	
18	317	
317	18	
18	1838	
1838	18	
19	243	
243	19	
19	782	
782	19	
19	1113	
1113	19	
20	244	
244	20	
20	783	
783	20	
20	1114	
1114	20	
21	245	
245	21	
21	784	
784	21	
21	1115	
1115	21	
22	246	
246	22	
22	785	
785	22	
22	1116	
1116	22	
23	182	
182	23	
23	217	
217	23	
23	892	
892	23	
24	39	
39	24	
24	560	
560	24	
24	1877	
1877	24	
25	1755	
1755	25	
25	1985	
1985	25	
26	251	
251	26	
26	271	
271	26	
26	1225	
1225	26	
27	252	
252	27	
27	272	
272	27	
27	1224	
1224	27	
28	253	
253	28	
28	273	
273	28	
28	1229	
1229	28	
29	254	
254	29	
29	274	
274	29	
29	1228	
1228	29	
30	144	
144	30	
30	388	
388	30	
30	2072	
2072	30	
31	145	
145	31	
31	300	
300	31	
31	2073	
2073	31	
32	309	
309	32	
32	391	
391	32	
32	554	
554	32	
33	310	
310	33	
33	392	
392	33	
33	555	
555	33	
34	311	
311	34	
34	408	
408	34	
34	556	
556	34	
35	312	
312	35	
35	409	
409	35	
35	557	
557	35	
36	445	
445	36	
36	1904	
1904	36	
37	446	
446	37	
37	1905	
1905	37	
38	926	
926	38	
38	1431	
1431	38	
39	736	
736	39	
39	932	
932	39	
40	211	
211	40	
40	498	
498	40	
41	212	
212	41	
41	499	
499	41	
42	120	
120	42	
42	1239	
1239	42	
42	1248	
1248	42	
43	121	
121	43	
43	1240	
1240	43	
43	1249	
1249	43	
44	122	
122	44	
44	1241	
1241	44	
44	1250	
1250	44	
45	123	
123	45	
45	1242	
1242	45	
45	1251	
1251	45	
46	47	
47	46	
46	315	
315	46	
46	2111	
2111	46	
47	1024	
1024	47	
47	1938	
1938	47	
48	70	
70	48	
48	1252	
1252	48	
49	72	
72	49	
49	1253	
1253	49	
50	73	
73	50	
50	1254	
1254	50	
51	52	
52	51	
51	721	
721	51	
51	2311	
2311	51	
52	859	
859	52	
52	2568	
2568	52	
53	448	
448	53	
53	466	
466	53	
53	541	
541	53	
54	447	
447	54	
54	465	
465	54	
54	542	
542	54	
55	450	
450	55	
55	468	
468	55	
55	543	
543	55	
56	449	
449	56	
56	467	
467	56	
56	544	
544	56	
57	469	
469	57	
57	537	
537	57	
57	1372	
1372	57	
58	470	
470	58	
58	538	
538	58	
58	1371	
1371	58	
59	472	
472	59	
59	540	
540	59	
59	1373	
1373	59	
60	471	
471	60	
60	539	
539	60	
60	1374	
1374	60	
61	264	
264	61	
61	331	
331	61	
61	345	
345	61	
62	263	
263	62	
62	332	
332	62	
62	358	
358	62	
63	266	
266	63	
63	333	
333	63	
63	337	
337	63	
64	265	
265	64	
64	334	
334	64	
64	338	
338	64	
65	147	
147	65	
65	1319	
1319	65	
66	148	
148	66	
66	1318	
1318	66	
67	149	
149	67	
67	1320	
1320	67	
68	150	
150	68	
68	1321	
1321	68	
69	119	
119	69	
69	179	
179	69	
69	2559	
2559	69	
70	71	
71	70	
70	421	
421	70	
71	286	
286	71	
71	1451	
1451	71	
72	74	
74	72	
72	423	
423	72	
73	75	
75	73	
73	425	
425	73	
74	287	
287	74	
74	1454	
1454	74	
75	288	
288	75	
75	1455	
1455	75	
76	77	
77	76	
76	344	
344	76	
76	713	
713	76	
77	339	
339	77	
77	1488	
1488	77	
78	83	
83	78	
78	309	
309	78	
78	700	
700	78	
79	84	
84	79	
79	310	
310	79	
79	699	
699	79	
80	85	
85	80	
80	311	
311	80	
80	703	
703	80	
81	86	
86	81	
81	312	
312	81	
81	704	
704	81	
82	110	
110	82	
82	390	
390	82	
82	1703	
1703	82	
83	1612	
1612	83	
83	1987	
1987	83	
84	1614	
1614	84	
84	1989	
1989	84	
85	1434	
1434	85	
85	1991	
1991	85	
86	1435	
1435	86	
86	1993	
1993	86	
87	183	
183	87	
87	298	
298	87	
87	2056	
2056	87	
88	184	
184	88	
88	299	
299	88	
88	2059	
2059	88	
89	91	
91	89	
89	1179	
1179	89	
89	1833	
1833	89	
90	92	
92	90	
90	1180	
1180	90	
90	1834	
1834	90	
91	1123	
1123	91	
91	1715	
1715	91	
92	1122	
1122	92	
92	1714	
1714	92	
93	95	
95	93	
93	1181	
1181	93	
93	1835	
1835	93	
94	96	
96	94	
94	1182	
1182	94	
94	1836	
1836	94	
95	1124	
1124	95	
95	1716	
1716	95	
96	1125	
1125	96	
96	1717	
1717	96	
97	161	
161	97	
97	813	
813	97	
97	882	
882	97	
98	143	
143	98	
98	815	
815	98	
98	883	
883	98	
99	224	
224	99	
99	1175	
1175	99	
99	1788	
1788	99	
100	225	
225	100	
100	1176	
1176	100	
100	1789	
1789	100	
101	226	
226	101	
101	1177	
1177	101	
101	1790	
1790	101	
102	227	
227	102	
102	1178	
1178	102	
102	1791	
1791	102	
103	164	
164	103	
103	231	
231	103	
103	1066	
1066	103	
104	105	
105	104	
104	806	
806	104	
104	1430	
1430	104	
105	223	
223	105	
105	2084	
2084	105	
106	211	
211	106	
106	1143	
1143	106	
106	1689	
1689	106	
107	212	
212	107	
107	1161	
1161	107	
107	1691	
1691	107	
108	110	
110	108	
108	221	
221	108	
108	1690	
1690	108	
109	222	
222	109	
109	1144	
1144	109	
109	1692	
1692	109	
110	1629	
1629	110	
111	135	
135	111	
111	962	
962	111	
111	2123	
2123	111	
112	178	
178	112	
112	284	
284	112	
112	1265	
1265	112	
113	115	
115	113	
113	219	
219	113	
113	1484	
1484	113	
114	116	
116	114	
114	229	
229	114	
114	1939	
1939	114	
115	589	
589	115	
115	842	
842	115	
116	590	
590	116	
116	844	
844	116	
117	241	
241	117	
117	291	
291	117	
117	2610	
2610	117	
118	242	
242	118	
118	292	
292	118	
118	2611	
2611	118	
119	845	
845	119	
119	2477	
2477	119	
120	873	
873	120	
120	1215	
1215	120	
121	872	
872	121	
121	1216	
1216	121	
122	875	
875	122	
122	1217	
1217	122	
123	874	
874	123	
123	1218	
1218	123	
124	158	
158	124	
124	280	
280	124	
124	954	
954	124	
125	157	
157	125	
125	281	
281	125	
125	955	
955	125	
126	159	
159	126	
126	282	
282	126	
126	957	
957	126	
127	160	
160	127	
127	283	
283	127	
127	956	
956	127	
128	1385	
1385	128	
128	2458	
2458	128	
129	162	
162	129	
129	810	
810	129	
129	981	
981	129	
130	322	
322	130	
130	690	
690	130	
130	1327	
1327	130	
131	323	
323	131	
131	691	
691	131	
131	1326	
1326	131	
132	324	
324	132	
132	693	
693	132	
132	1329	
1329	132	
133	325	
325	133	
133	692	
692	133	
133	1328	
1328	133	
134	142	
142	134	
134	154	
154	134	
134	1004	
1004	134	
135	1619	
1619	135	
135	1845	
1845	135	
136	186	
186	136	
136	496	
496	136	
136	1366	
1366	136	
137	187	
187	137	
137	495	
495	137	
137	1501	
1501	137	
138	157	
157	138	
138	1056	
1056	138	
138	2352	
2352	138	
139	158	
158	139	
139	1057	
1057	139	
139	2353	
2353	139	
140	159	
159	140	
140	1058	
1058	140	
140	2354	
2354	140	
141	160	
160	141	
141	1059	
1059	141	
141	2355	
2355	141	
142	501	
501	142	
142	674	
674	142	
143	1911	
1911	143	
143	2309	
2309	143	
144	480	
480	144	
144	790	
790	144	
145	481	
481	145	
145	792	
792	145	
146	335	
335	146	
146	709	
709	146	
146	1375	
1375	146	
147	166	
166	147	
147	1244	
1244	147	
148	167	
167	148	
148	1245	
1245	148	
149	168	
168	149	
149	1247	
1247	149	
150	169	
169	150	
150	1246	
1246	150	
151	155	
155	151	
151	346	
346	151	
151	2616	
2616	151	
152	156	
156	152	
152	347	
347	152	
152	2617	
2617	152	
153	369	
369	153	
153	456	
456	153	
153	459	
459	153	
154	1812	
1812	154	
154	2306	
2306	154	
155	995	
995	155	
155	1757	
1757	155	
156	867	
867	156	
156	996	
996	156	
157	208	
208	157	
158	207	
207	158	
159	210	
210	159	
160	209	
209	160	
161	1983	
1983	161	
161	2300	
2300	161	
162	1984	
1984	162	
162	2302	
2302	162	
163	411	
411	163	
163	755	
755	163	
163	2103	
2103	163	
164	638	
638	164	
164	1061	
1061	164	
165	250	
250	165	
165	780	
780	165	
165	2463	
2463	165	
166	1235	
1235	166	
166	1386	
1386	166	
167	1236	
1236	167	
167	1387	
1387	167	
168	1238	
1238	168	
168	1388	
1388	168	
169	1237	
1237	169	
169	1389	
1389	169	
170	174	
174	170	
170	1080	
1080	170	
170	1758	
1758	170	
171	175	
175	171	
171	1081	
1081	171	
171	1759	
1759	171	
172	176	
176	172	
172	1082	
1082	172	
172	1760	
1760	172	
173	177	
177	173	
173	1083	
1083	173	
173	1761	
1761	173	
174	603	
603	174	
174	2007	
2007	174	
175	602	
602	175	
175	2008	
2008	175	
176	604	
604	176	
176	2009	
2009	176	
177	605	
605	177	
177	2010	
2010	177	
178	1055	
1055	178	
178	1121	
1121	178	
179	436	
436	179	
179	2107	
2107	179	
180	181	
181	180	
180	492	
492	180	
180	1877	
1877	180	
181	580	
580	181	
181	715	
715	181	
182	971	
971	182	
182	1013	
1013	182	
183	671	
671	183	
183	1465	
1465	183	
184	672	
672	184	
184	1466	
1466	184	
185	389	
389	185	
185	410	
410	185	
185	1668	
1668	185	
186	502	
502	186	
186	748	
748	186	
187	479	
479	187	
187	746	
746	187	
188	336	
336	188	
188	493	
493	188	
188	1121	
1121	188	
189	200	
200	189	
189	794	
794	189	
189	2014	
2014	189	
190	349	
349	190	
190	442	
442	190	
190	1669	
1669	190	
191	351	
351	191	
191	513	
513	191	
191	1671	
1671	191	
192	350	
350	192	
192	514	
514	192	
192	1670	
1670	192	
193	217	
217	193	
193	1074	
1074	193	
193	1281	
1281	193	
194	195	
195	194	
194	862	
862	194	
194	1379	
1379	194	
195	752	
752	195	
195	1525	
1525	195	
196	305	
305	196	
196	581	
581	196	
196	1917	
1917	196	
197	306	
306	197	
197	582	
582	197	
197	1916	
1916	197	
198	307	
307	198	
198	583	
583	198	
198	1918	
1918	198	
199	308	
308	199	
199	584	
584	199	
199	1919	
1919	199	
200	247	
247	200	
200	901	
901	200	
201	259	
259	201	
201	627	
627	201	
201	2613	
2613	201	
202	293	
293	202	
202	461	
461	202	
202	619	
619	202	
203	294	
294	203	
203	460	
460	203	
203	620	
620	203	
204	295	
295	204	
204	463	
463	204	
204	621	
621	204	
205	296	
296	205	
205	462	
462	205	
205	622	
622	205	
206	833	
833	206	
206	893	
893	206	
206	1542	
1542	206	
207	237	
237	207	
207	706	
706	207	
208	238	
238	208	
208	705	
705	208	
209	239	
239	209	
209	707	
707	209	
210	240	
240	210	
210	708	
708	210	
211	882	
882	211	
212	883	
883	212	
213	263	
263	213	
213	1076	
1076	213	
213	2261	
2261	213	
214	264	
264	214	
214	1077	
1077	214	
214	2260	
2260	214	
215	266	
266	215	
215	1078	
1078	215	
215	2262	
2262	215	
216	265	
265	216	
216	1079	
1079	216	
216	2263	
2263	216	
217	1742	
1742	217	
218	219	
219	218	
218	508	
508	218	
218	1811	
1811	218	
219	1880	
1880	219	
220	260	
260	220	
220	1005	
1005	220	
220	2629	
2629	220	
221	980	
980	221	
222	981	
981	222	
223	936	
936	223	
223	1441	
1441	223	
224	1898	
1898	224	
224	2191	
2191	224	
225	1899	
1899	225	
225	2464	
2464	225	
226	1900	
1900	226	
226	2192	
2192	226	
227	1901	
1901	227	
227	2193	
2193	227	
228	229	
229	228	
228	507	
507	228	
228	1897	
1897	228	
229	1875	
1875	229	
230	231	
231	230	
230	1534	
1534	230	
230	2142	
2142	230	
231	2414	
2414	231	
232	275	
275	232	
232	290	
290	232	
232	2485	
2485	232	
233	276	
276	233	
233	293	
293	233	
233	482	
482	233	
234	277	
277	234	
234	294	
294	234	
234	483	
483	234	
235	278	
278	235	
235	296	
296	235	
235	487	
487	235	
236	279	
279	236	
236	295	
295	236	
236	486	
486	236	
237	1442	
1442	237	
237	2274	
2274	237	
238	1443	
1443	238	
238	2275	
2275	238	
239	1444	
1444	239	
239	2277	
2277	239	
240	1445	
1445	240	
240	2276	
2276	240	
241	1039	
1039	241	
241	1908	
1908	241	
242	464	
464	242	
242	1335	
1335	242	
243	1133	
1133	243	
243	1381	
1381	243	
244	1134	
1134	244	
244	1382	
1382	244	
245	1136	
1136	245	
245	1383	
1383	245	
246	1135	
1135	246	
246	1384	
1384	246	
247	1871	
1871	247	
247	2186	
2186	247	
248	285	
285	248	
248	1160	
1160	248	
248	1746	
1746	248	
249	455	
455	249	
249	1054	
1054	249	
249	1357	
1357	249	
250	326	
326	250	
250	2440	
2440	250	
251	1035	
1035	251	
251	1668	
1668	251	
252	1034	
1034	252	
252	1669	
1669	252	
253	1036	
1036	253	
253	1670	
1670	253	
254	1037	
1037	254	
254	1671	
1671	254	
255	267	
267	255	
255	1664	
1664	255	
255	1898	
1898	255	
256	268	
268	256	
256	1665	
1665	256	
256	1899	
1899	256	
257	269	
269	257	
257	1666	
1666	257	
257	1900	
1900	257	
258	270	
270	258	
258	1667	
1667	258	
258	1901	
1901	258	
259	1214	
1214	259	
260	2093	
2093	260	
260	2441	
2441	260	
261	262	
262	261	
261	585	
585	261	
261	1160	
1160	261	
262	595	
595	262	
262	1745	
1745	262	
263	1890	
1890	263	
264	1892	
1892	264	
265	1893	
1893	265	
266	1891	
1891	266	
267	1704	
1704	267	
267	2092	
2092	267	
268	1705	
1705	268	
268	2093	
2093	268	
269	1706	
1706	269	
269	2095	
2095	269	
270	1707	
1707	270	
270	2094	
2094	270	
271	861	
861	271	
271	963	
963	271	
272	862	
862	272	
272	964	
964	272	
273	864	
864	273	
273	966	
966	273	
274	863	
863	274	
274	965	
965	274	
275	2110	
2110	275	
275	2501	
2501	275	
276	718	
718	276	
276	1113	
1113	276	
277	717	
717	277	
277	1114	
1114	277	
278	720	
720	278	
278	1115	
1115	278	
279	719	
719	279	
279	1116	
1116	279	
280	706	
706	280	
280	1117	
1117	280	
281	705	
705	281	
281	1118	
1118	281	
282	708	
708	282	
282	1119	
1119	282	
283	707	
707	283	
283	1120	
1120	283	
284	1618	
1618	284	
284	1749	
1749	284	
285	894	
894	285	
285	2016	
2016	285	
286	327	
327	286	
286	1762	
1762	286	
287	328	
328	287	
287	1763	
1763	287	
288	329	
329	288	
288	1764	
1764	288	
289	559	
559	289	
289	811	
811	289	
289	1054	
1054	289	
290	1467	
1467	290	
290	2624	
2624	290	
291	566	
566	291	
291	1054	
1054	291	
292	568	
568	292	
292	1055	
1055	292	
293	2203	
2203	293	
294	2204	
2204	294	
295	2205	
2205	295	
296	2206	
2206	296	
297	1184	
1184	297	
297	2462	
2462	297	
298	730	
730	298	
298	2595	
2595	298	
299	731	
731	299	
299	2597	
2597	299	
300	588	
588	300	
300	2400	
2400	300	
301	509	
509	301	
301	1164	
1164	301	
302	510	
510	302	
302	1165	
1165	302	
303	511	
511	303	
303	1167	
1167	303	
304	512	
512	304	
304	1166	
1166	304	
305	765	
765	305	
306	766	
766	306	
307	767	
767	307	
308	768	
768	308	
309	1390	
1390	309	
310	1391	
1391	310	
311	1392	
1392	311	
312	1393	
1393	312	
313	670	
670	313	
313	696	
696	313	
313	710	
710	313	
314	315	
315	314	
314	903	
903	314	
314	1937	
1937	314	
315	1952	
1952	315	
316	382	
382	316	
316	1578	
1578	316	
317	383	
383	317	
317	1579	
1579	317	
318	330	
330	318	
318	1168	
1168	318	
318	1593	
1593	318	
319	320	
320	319	
319	2338	
2338	319	
319	2356	
2356	319	
320	903	
903	320	
320	2012	
2012	320	
321	845	
845	321	
321	2600	
2600	321	
322	1092	
1092	322	
322	2542	
2542	322	
323	1093	
1093	323	
323	2543	
2543	323	
324	1097	
1097	324	
324	2544	
2544	324	
325	1096	
1096	325	
325	2545	
2545	325	
326	1702	
1702	326	
327	504	
504	327	
327	906	
906	327	
328	505	
505	328	
328	907	
907	328	
329	506	
506	329	
329	908	
908	329	
330	1441	
1441	330	
330	1606	
1606	330	
331	1559	
1559	331	
331	2188	
2188	331	
332	1562	
1562	332	
332	2187	
2187	332	
333	1560	
1560	333	
333	2190	
2190	333	
334	1564	
1564	334	
334	2189	
2189	334	
335	985	
985	335	
335	1828	
1828	335	
336	1910	
1910	336	
336	2255	
2255	336	
337	615	
615	337	
337	1210	
1210	337	
338	616	
616	338	
338	1211	
1211	338	
339	896	
896	339	
339	2566	
2566	339	
340	404	
404	340	
340	470	
470	340	
340	1239	
1239	340	
341	405	
405	341	
341	469	
469	341	
341	1240	
1240	341	
342	407	
407	342	
342	471	
471	342	
342	1241	
1241	342	
343	406	
406	343	
343	472	
472	343	
343	1242	
1242	343	
344	1806	
1806	344	
344	1812	
1812	344	
345	1200	
1200	345	
345	1604	
1604	345	
346	1126	
1126	346	
346	1586	
1586	346	
347	1127	
1127	347	
347	1587	
1587	347	
348	931	
931	348	
348	1128	
1128	348	
348	1588	
1588	348	
349	1050	
1050	349	
349	1098	
1098	349	
350	1053	
1053	350	
350	1099	
1099	350	
351	1052	
1052	351	
351	1100	
1100	351	
352	370	
370	352	
352	493	
493	352	
352	1055	
1055	352	
353	381	
381	353	
353	1002	
1002	353	
353	1876	
1876	353	
354	530	
530	354	
354	1480	
1480	354	
355	532	
532	355	
355	1482	
1482	355	
356	531	
531	356	
356	1483	
1483	356	
357	533	
533	357	
357	1481	
1481	357	
358	1308	
1308	358	
358	1489	
1489	358	
359	360	
360	359	
359	673	
673	359	
359	2129	
2129	359	
360	868	
868	360	
360	1004	
1004	360	
361	447	
447	361	
361	1959	
1959	361	
361	2132	
2132	361	
362	448	
448	362	
362	1960	
1960	362	
362	2133	
2133	362	
363	449	
449	363	
363	1961	
1961	363	
363	2134	
2134	363	
364	450	
450	364	
364	1962	
1962	364	
364	2135	
2135	364	
365	422	
422	365	
365	591	
591	365	
365	850	
850	365	
366	424	
424	366	
366	592	
592	366	
366	851	
851	366	
367	426	
426	367	
367	593	
593	367	
367	852	
852	367	
368	490	
490	368	
368	924	
924	368	
368	982	
982	368	
369	491	
491	369	
369	1485	
1485	369	
370	464	
464	370	
370	580	
580	370	
371	451	
451	371	
371	769	
769	371	
372	437	
437	372	
372	517	
517	372	
372	611	
611	372	
373	439	
439	373	
373	518	
518	373	
373	612	
612	373	
374	438	
438	374	
374	519	
519	374	
374	613	
613	374	
375	440	
440	375	
375	520	
520	375	
375	614	
614	375	
376	503	
503	376	
376	1267	
1267	376	
376	2174	
2174	376	
377	1316	
1316	377	
377	1464	
1464	377	
378	479	
479	378	
378	946	
946	378	
378	1988	
1988	378	
379	480	
480	379	
379	948	
948	379	
379	1992	
1992	379	
380	481	
481	380	
380	947	
947	380	
380	1994	
1994	380	
381	585	
585	381	
381	793	
793	381	
382	391	
391	382	
382	529	
529	382	
383	392	
392	383	
383	548	
548	383	
384	393	
393	384	
384	726	
726	384	
384	2062	
2062	384	
385	394	
394	385	
385	728	
728	385	
385	2063	
2063	385	
386	395	
395	386	
386	727	
727	386	
386	2064	
2064	386	
387	396	
396	387	
387	729	
729	387	
387	2065	
2065	387	
388	750	
750	388	
388	909	
909	388	
389	1051	
1051	389	
389	1185	
1185	389	
390	670	
670	390	
390	905	
905	390	
391	1576	
1576	391	
392	1577	
1577	392	
393	1424	
1424	393	
393	2313	
2313	393	
394	1426	
1426	394	
394	2315	
2315	394	
395	1425	
1425	395	
395	2314	
2314	395	
396	1427	
1427	396	
396	2316	
2316	396	
397	553	
553	397	
397	868	
868	397	
397	1214	
1214	397	
398	399	
399	398	
398	861	
861	398	
398	1140	
1140	398	
399	751	
751	399	
399	1421	
1421	399	
400	403	
403	400	
400	863	
863	400	
400	1142	
1142	400	
401	402	
402	401	
401	864	
864	401	
401	1141	
1141	401	
402	753	
753	402	
402	1422	
1422	402	
403	754	
754	403	
403	1423	
1423	403	
404	1477	
1477	404	
404	2221	
2221	404	
405	1476	
1476	405	
405	2222	
2222	405	
406	1478	
1478	406	
406	2223	
2223	406	
407	1479	
1479	407	
407	2224	
2224	407	
408	443	
443	408	
408	1544	
1544	408	
409	444	
444	409	
409	1546	
1546	409	
410	1234	
1234	410	
410	2490	
2490	410	
411	902	
902	411	
411	1408	
1408	411	
412	427	
427	412	
412	679	
679	412	
412	2247	
2247	412	
413	428	
428	413	
413	678	
678	413	
413	2248	
2248	413	
414	429	
429	414	
414	680	
680	414	
414	2250	
2250	414	
415	430	
430	415	
415	681	
681	415	
415	2249	
2249	415	
416	432	
432	416	
416	682	
682	416	
416	2252	
2252	416	
417	431	
431	417	
417	683	
683	417	
417	2251	
2251	417	
418	433	
433	418	
418	684	
684	418	
418	2253	
2253	418	
419	434	
434	419	
419	685	
685	419	
419	2254	
2254	419	
420	687	
687	420	
420	1363	
1363	420	
420	1550	
1550	420	
421	422	
422	421	
421	1195	
1195	421	
422	906	
906	422	
423	424	
424	423	
423	1198	
1198	423	
424	907	
907	424	
425	426	
426	425	
425	1199	
1199	425	
426	908	
908	426	
427	1572	
1572	427	
428	1573	
1573	428	
429	1574	
1574	429	
430	1575	
1575	430	
431	1446	
1446	431	
432	1447	
1447	432	
433	1449	
1449	433	
434	1448	
1448	434	
435	502	
502	435	
435	986	
986	435	
435	1990	
1990	435	
436	694	
694	436	
436	1012	
1012	436	
437	596	
596	437	
437	777	
777	437	
438	598	
598	438	
438	776	
776	438	
439	597	
597	439	
439	778	
778	439	
440	599	
599	440	
440	779	
779	440	
441	528	
528	441	
441	559	
559	441	
441	1357	
1357	441	
442	859	
859	442	
442	1168	
1168	442	
443	445	
445	443	
443	600	
600	443	
444	446	
446	444	
444	601	
601	444	
445	1545	
1545	445	
446	1547	
1547	446	
447	1027	
1027	447	
448	1028	
1028	448	
449	1025	
1025	449	
450	1026	
1026	450	
451	452	
452	451	
451	1680	
1680	451	
452	938	
938	452	
452	983	
983	452	
453	838	
838	453	
453	972	
972	453	
453	1279	
1279	453	
454	521	
521	454	
454	630	
630	454	
454	2646	
2646	454	
455	949	
949	455	
455	1295	
1295	455	
456	750	
750	456	
456	1019	
1019	456	
457	458	
458	457	
457	770	
770	457	
457	1186	
1186	457	
458	928	
928	458	
458	1280	
1280	458	
459	500	
500	459	
459	1607	
1607	459	
460	663	
663	460	
460	717	
717	460	
461	664	
664	461	
461	718	
718	461	
462	665	
665	462	
462	720	
720	462	
463	666	
666	463	
463	719	
719	463	
464	881	
881	464	
465	1556	
1556	465	
465	1654	
1654	465	
466	1555	
1555	466	
466	1655	
1655	466	
467	1557	
1557	467	
467	1657	
1657	467	
468	1558	
1558	468	
468	1656	
1656	468	
469	1650	
1650	469	
470	1652	
1652	470	
471	1653	
1653	471	
472	1651	
1651	472	
473	994	
994	473	
473	1060	
1060	473	
473	1503	
1503	473	
474	659	
659	474	
474	879	
879	474	
474	2142	
2142	474	
475	722	
722	475	
475	1331	
1331	475	
475	2287	
2287	475	
476	723	
723	476	
476	1332	
1332	476	
476	2286	
2286	476	
477	724	
724	477	
477	1333	
1333	477	
477	2288	
2288	477	
478	725	
725	478	
478	1334	
1334	478	
478	2289	
2289	478	
479	2311	
2311	479	
480	823	
823	480	
481	824	
824	481	
482	484	
484	482	
482	742	
742	482	
483	485	
485	483	
483	743	
743	483	
484	1086	
1086	484	
484	2203	
2203	484	
485	1085	
1085	485	
485	2204	
2204	485	
486	488	
488	486	
486	745	
745	486	
487	489	
489	487	
487	744	
744	487	
488	1088	
1088	488	
488	2205	
2205	488	
489	1087	
1087	489	
489	2206	
2206	489	
490	926	
926	490	
490	970	
970	490	
491	670	
670	491	
491	1935	
1935	491	
492	493	
493	492	
492	2219	
2219	492	
494	497	
497	494	
494	594	
594	494	
494	1866	
1866	494	
495	648	
648	495	
495	2551	
2551	495	
496	669	
669	496	
496	2582	
2582	496	
497	527	
527	497	
497	2232	
2232	497	
498	1151	
1151	498	
498	1605	
1605	498	
499	1152	
1152	499	
499	1523	
1523	499	
500	1532	
1532	500	
500	2630	
2630	500	
501	799	
799	501	
501	961	
961	501	
502	2337	
2337	502	
503	840	
840	503	
503	2085	
2085	503	
504	800	
800	504	
504	2067	
2067	504	
505	802	
802	505	
505	2070	
2070	505	
506	803	
803	506	
506	2071	
2071	506	
507	1419	
1419	507	
507	2391	
2391	507	
508	1418	
1418	508	
508	2392	
2392	508	
509	796	
796	509	
509	2137	
2137	509	
510	795	
795	510	
510	2138	
2138	510	
511	797	
797	511	
511	2139	
2139	511	
512	798	
798	512	
512	2140	
2140	512	
513	1376	
1376	513	
513	2486	
2486	513	
514	1377	
1377	514	
514	2487	
2487	514	
515	516	
516	515	
515	1101	
1101	515	
515	1155	
1155	515	
516	1310	
1310	516	
516	2625	
2625	516	
517	726	
726	517	
517	1561	
1561	517	
518	727	
727	518	
518	1565	
1565	518	
519	728	
728	519	
519	1563	
1563	519	
520	729	
729	520	
520	1566	
1566	520	
521	756	
756	521	
521	2622	
2622	521	
522	562	
562	522	
522	612	
612	522	
522	1552	
1552	522	
523	561	
561	523	
523	614	
614	523	
523	1553	
1553	523	
524	564	
564	524	
524	611	
611	524	
524	1551	
1551	524	
525	563	
563	525	
525	613	
613	525	
525	1554	
1554	525	
526	587	
587	526	
526	711	
711	526	
526	1754	
1754	526	
527	1535	
1535	527	
527	1846	
1846	527	
528	2177	
2177	528	
528	2201	
2201	528	
529	1162	
1162	529	
529	1605	
1605	529	
530	1122	
1122	530	
530	1462	
1462	530	
531	1123	
1123	531	
531	1463	
1463	531	
532	1124	
1124	532	
532	1461	
1461	532	
533	1125	
1125	533	
533	1460	
1460	533	
534	660	
660	534	
534	876	
876	534	
534	1948	
1948	534	
535	661	
661	535	
535	877	
877	535	
535	1873	
1873	535	
536	662	
662	536	
536	878	
878	536	
536	1950	
1950	536	
537	2373	
2373	537	
538	2376	
2376	538	
539	2374	
2374	539	
540	2375	
2375	540	
541	2371	
2371	541	
542	2372	
2372	542	
543	2370	
2370	543	
544	2369	
2369	544	
545	786	
786	545	
545	1063	
1063	545	
545	1350	
1350	545	
546	787	
787	546	
546	1065	
1065	546	
546	1352	
1352	546	
547	788	
788	547	
547	1064	
1064	547	
547	1353	
1353	547	
548	1309	
1309	548	
548	1523	
1523	548	
549	554	
554	549	
549	1275	
1275	549	
549	2258	
2258	549	
550	555	
555	550	
550	1276	
1276	550	
550	2259	
2259	550	
551	556	
556	551	
551	1277	
1277	551	
551	2264	
2264	551	
552	557	
557	552	
552	1278	
1278	552	
552	2265	
2265	552	
553	1003	
1003	553	
554	1162	
1162	554	
555	1309	
1309	555	
556	1145	
1145	556	
557	1146	
1146	557	
558	559	
559	558	
558	586	
586	558	
558	2202	
2202	558	
560	1619	
1619	560	
560	2123	
2123	560	
561	779	
779	561	
562	778	
778	562	
563	776	
776	563	
564	777	
777	564	
565	566	
566	565	
565	1295	
1295	565	
565	1756	
1756	565	
566	995	
995	566	
567	568	
568	567	
567	867	
867	567	
567	1265	
1265	567	
568	996	
996	568	
569	679	
679	569	
569	1201	
1201	569	
570	678	
678	570	
570	1202	
1202	570	
571	680	
680	571	
571	1204	
1204	571	
572	681	
681	572	
572	1203	
1203	572	
573	683	
683	573	
573	872	
872	573	
573	1206	
1206	573	
574	682	
682	574	
574	873	
873	574	
574	1205	
1205	574	
575	685	
685	575	
575	874	
874	575	
575	1207	
1207	575	
576	684	
684	576	
576	875	
875	576	
576	1208	
1208	576	
577	866	
866	577	
577	1001	
1001	577	
577	2622	
2622	577	
578	615	
615	578	
578	1153	
1153	578	
579	616	
616	579	
579	1154	
1154	579	
580	2342	
2342	580	
581	602	
602	581	
581	1568	
1568	581	
582	603	
603	582	
582	1567	
1567	582	
583	604	
604	583	
583	1569	
1569	583	
584	605	
605	584	
584	1570	
1570	584	
585	1062	
1062	585	
586	1385	
1385	586	
586	1895	
1895	586	
587	1183	
1183	587	
587	2101	
2101	587	
588	810	
810	588	
588	2320	
2320	588	
589	1906	
1906	589	
589	2392	
2392	589	
590	1907	
1907	590	
590	2391	
2391	590	
591	1194	
1194	591	
591	2174	
2174	591	
592	1196	
1196	592	
592	1906	
1906	592	
593	1197	
1197	593	
593	1907	
1907	593	
594	618	
618	594	
594	1756	
1756	594	
595	793	
793	595	
595	2136	
2136	595	
596	1269	
1269	596	
596	1561	
1561	596	
597	1268	
1268	597	
597	1565	
1565	597	
598	1270	
1270	598	
598	1563	
1563	598	
599	1271	
1271	599	
599	1566	
1566	599	
600	615	
615	600	
600	1145	
1145	600	
601	616	
616	601	
601	1146	
1146	601	
602	607	
607	602	
603	606	
606	603	
604	608	
608	604	
605	609	
609	605	
606	1147	
1147	606	
606	1536	
1536	606	
607	1148	
1148	607	
607	1537	
1537	607	
608	1149	
1149	608	
608	1538	
1538	608	
609	1150	
1150	609	
609	1539	
1539	609	
610	618	
618	610	
610	1526	
1526	610	
610	1846	
1846	610	
611	1599	
1599	611	
612	1601	
1601	612	
613	1600	
1600	613	
614	1602	
1602	614	
617	793	
793	617	
617	1084	
1084	617	
617	2055	
2055	617	
618	1042	
1042	618	
619	2380	
2380	619	
619	2539	
2539	619	
620	2381	
2381	620	
620	2538	
2538	620	
621	2384	
2384	621	
621	2541	
2541	621	
622	2385	
2385	622	
622	2540	
2540	622	
623	667	
667	623	
623	1806	
1806	623	
623	2312	
2312	623	
624	887	
887	624	
624	991	
991	624	
624	1953	
1953	624	
625	890	
890	625	
625	992	
992	625	
625	1955	
1955	625	
626	891	
891	626	
626	993	
993	626	
626	1957	
1957	626	
627	2466	
2466	627	
627	2632	
2632	627	
628	671	
671	628	
628	1348	
1348	628	
628	2553	
2553	628	
629	672	
672	629	
629	1349	
1349	629	
629	2557	
2557	629	
630	2427	
2427	630	
630	2653	
2653	630	
631	853	
853	631	
631	1397	
1397	631	
631	1824	
1824	631	
632	854	
854	632	
632	1398	
1398	632	
632	1823	
1823	632	
633	855	
855	633	
633	1400	
1400	633	
633	1825	
1825	633	
634	856	
856	634	
634	1399	
1399	634	
634	1826	
1826	634	
635	887	
887	635	
635	1450	
1450	635	
636	890	
890	636	
636	1452	
1452	636	
637	891	
891	637	
637	1453	
1453	637	
638	639	
639	638	
638	1934	
1934	638	
639	895	
895	639	
639	2142	
2142	639	
640	644	
644	640	
640	1862	
1862	640	
640	2046	
2046	640	
641	645	
645	641	
641	1863	
1863	641	
641	2047	
2047	641	
642	646	
646	642	
642	1864	
1864	642	
642	2049	
2049	642	
643	647	
647	643	
643	1865	
1865	643	
643	2050	
2050	643	
644	1080	
1080	644	
644	1470	
1470	644	
645	1081	
1081	645	
645	1471	
1471	645	
646	1082	
1082	646	
646	1472	
1472	646	
647	1083	
1083	647	
647	1473	
1473	647	
648	813	
813	648	
648	2318	
2318	648	
649	650	
650	649	
649	771	
771	649	
649	913	
913	649	
650	927	
927	650	
650	1170	
1170	650	
651	653	
653	651	
651	772	
772	651	
651	915	
915	651	
652	654	
654	652	
652	773	
773	652	
652	916	
916	652	
653	929	
929	653	
653	1173	
1173	653	
654	930	
930	654	
654	1174	
1174	654	
655	700	
700	655	
655	939	
939	655	
655	2242	
2242	655	
656	699	
699	656	
656	940	
940	656	
656	2243	
2243	656	
657	703	
703	657	
657	941	
941	657	
657	2244	
2244	657	
658	704	
704	658	
658	942	
942	658	
658	2245	
2245	658	
659	1040	
1040	659	
659	1467	
1467	659	
660	1659	
1659	660	
660	1954	
1954	660	
661	1660	
1660	661	
661	1956	
1956	661	
662	1661	
1661	662	
662	1958	
1958	662	
663	2378	
2378	663	
664	2379	
2379	664	
665	2382	
2382	665	
666	2383	
2383	666	
667	2111	
2111	667	
667	2112	
2112	667	
668	736	
736	668	
668	884	
884	668	
668	894	
894	668	
669	815	
815	669	
669	2336	
2336	669	
671	2478	
2478	671	
672	2480	
2480	672	
673	674	
674	673	
673	2096	
2096	673	
674	2498	
2498	674	
675	923	
923	675	
675	1243	
1243	675	
675	2246	
2246	675	
676	857	
857	676	
676	1233	
1233	676	
676	1364	
1364	676	
677	858	
858	677	
677	1232	
1232	677	
677	1365	
1365	677	
678	1244	
1244	678	
679	1245	
1245	679	
680	1247	
1247	680	
681	1246	
1246	681	
682	1248	
1248	682	
683	1249	
1249	683	
684	1250	
1250	684	
685	1251	
1251	685	
686	865	
865	686	
686	1220	
1220	686	
686	1362	
1362	686	
687	1168	
1168	687	
687	2507	
2507	687	
688	823	
823	688	
688	1323	
1323	688	
688	2560	
2560	688	
689	824	
824	689	
689	1324	
1324	689	
689	2561	
2561	689	
690	1398	
1398	690	
690	1580	
1580	690	
691	1397	
1397	691	
691	1581	
1581	691	
692	1399	
1399	692	
692	1583	
1583	692	
693	1400	
1400	693	
693	1582	
1582	693	
694	1621	
1621	694	
694	2601	
2601	694	
695	709	
709	695	
695	1396	
1396	695	
695	2555	
2555	695	
696	1935	
1935	696	
696	2038	
2038	696	
697	700	
700	697	
697	1133	
1133	697	
697	1390	
1390	697	
698	699	
699	698	
698	1134	
1134	698	
698	1391	
1391	698	
701	704	
704	701	
701	1135	
1135	701	
701	1393	
1393	701	
702	703	
703	702	
702	1136	
1136	702	
702	1392	
1392	702	
705	997	
997	705	
706	998	
998	706	
707	999	
999	707	
708	1000	
1000	708	
709	2488	
2488	709	
710	1624	
1624	710	
710	1703	
1703	710	
711	1810	
1810	711	
711	2510	
2510	711	
712	713	
713	712	
712	769	
769	712	
712	1401	
1401	712	
713	2306	
2306	713	
714	715	
715	714	
714	925	
925	714	
714	1521	
1521	714	
715	1571	
1571	715	
716	901	
901	716	
716	1585	
1585	716	
716	2351	
2351	716	
717	1008	
1008	717	
718	1009	
1009	718	
719	1010	
1010	719	
720	1011	
1011	720	
721	946	
946	721	
721	1098	
1098	721	
722	1931	
1931	722	
722	1969	
1969	722	
723	1930	
1930	723	
723	1970	
1970	723	
724	1932	
1932	724	
724	1972	
1972	724	
725	1933	
1933	725	
725	1971	
1971	725	
726	2327	
2327	726	
727	2328	
2328	727	
728	1282	
1282	728	
729	1283	
1283	729	
730	1438	
1438	730	
730	1468	
1468	730	
731	1439	
1439	731	
731	1469	
1469	731	
732	817	
817	732	
732	976	
976	732	
732	1589	
1589	732	
733	816	
816	733	
733	977	
977	733	
733	1590	
1590	733	
734	818	
818	734	
734	978	
978	734	
734	1591	
1591	734	
735	819	
819	735	
735	979	
979	735	
735	1592	
1592	735	
736	737	
737	736	
737	1535	
1535	737	
737	2238	
2238	737	
738	846	
846	738	
738	1495	
1495	738	
738	1930	
1930	738	
739	847	
847	739	
739	1498	
1498	739	
739	1931	
1931	739	
740	848	
848	740	
740	1497	
1497	740	
740	1932	
1932	740	
741	849	
849	741	
741	1496	
1496	741	
741	1933	
1933	741	
742	782	
782	742	
742	919	
919	742	
743	783	
783	743	
743	920	
920	743	
744	784	
784	744	
744	921	
921	744	
745	785	
785	745	
745	922	
922	745	
746	747	
747	746	
746	1613	
1613	746	
747	812	
812	747	
747	1578	
1578	747	
748	749	
749	748	
748	1615	
1615	748	
749	814	
814	749	
749	1579	
1579	749	
750	808	
808	750	
751	771	
771	751	
751	1721	
1721	751	
752	770	
770	752	
752	1722	
1722	752	
753	772	
772	753	
753	1723	
1723	753	
754	773	
773	754	
754	1724	
1724	754	
755	984	
984	755	
755	2082	
2082	755	
756	931	
931	756	
756	960	
960	756	
757	758	
758	757	
757	1224	
1224	757	
757	2051	
2051	757	
758	1830	
1830	758	
758	1977	
1977	758	
759	760	
760	759	
759	1829	
1829	759	
759	1976	
1976	759	
760	1225	
1225	760	
760	2052	
2052	760	
761	763	
763	761	
761	1229	
1229	761	
761	2054	
2054	761	
762	764	
764	762	
762	1228	
1228	762	
762	2053	
2053	762	
763	1831	
1831	763	
763	1978	
1978	763	
764	1832	
1832	764	
764	1979	
1979	764	
765	987	
987	765	
765	1148	
1148	765	
766	988	
988	766	
766	1147	
1147	766	
767	989	
989	767	
767	1149	
1149	767	
768	990	
990	768	
768	1150	
1150	768	
769	1003	
1003	769	
770	950	
950	770	
771	951	
951	771	
772	952	
952	772	
773	953	
953	773	
774	775	
775	774	
774	867	
867	774	
775	911	
911	775	
775	1986	
1986	775	
780	1184	
1184	780	
780	2083	
2083	780	
781	820	
820	781	
781	1521	
1521	781	
781	1963	
1963	781	
782	939	
939	782	
783	940	
940	783	
784	941	
941	784	
785	942	
942	785	
786	1170	
1170	786	
786	2366	
2366	786	
787	1173	
1173	787	
787	2367	
2367	787	
788	1174	
1174	788	
788	2368	
2368	788	
789	790	
790	789	
789	807	
807	789	
789	1545	
1545	789	
790	1436	
1436	790	
791	792	
792	791	
791	809	
809	791	
791	1547	
1547	791	
792	1437	
1437	792	
794	1355	
1355	794	
794	2351	
2351	794	
795	1189	
1189	795	
795	2410	
2410	795	
796	1190	
1190	796	
796	2411	
2411	796	
797	1191	
1191	797	
797	2412	
2412	797	
798	1192	
1192	798	
798	2413	
2413	798	
799	1033	
1033	799	
799	2312	
2312	799	
800	801	
801	800	
800	1169	
1169	800	
801	1718	
1718	801	
801	2366	
2366	801	
802	804	
804	802	
802	1171	
1171	802	
803	805	
805	803	
803	1172	
1172	803	
804	1719	
1719	804	
804	2367	
2367	804	
805	1720	
1720	805	
805	2368	
2368	805	
806	1273	
1273	806	
806	1616	
1616	806	
807	808	
808	807	
807	1904	
1904	807	
808	1485	
1485	808	
809	810	
810	809	
809	1905	
1905	809	
811	1039	
1039	811	
811	1895	
1895	811	
812	813	
813	812	
812	1837	
1837	812	
814	815	
815	814	
814	1838	
1838	814	
816	1284	
1284	816	
816	2143	
2143	816	
817	1285	
1285	817	
817	2144	
2144	817	
818	1289	
1289	818	
818	2145	
2145	818	
819	1288	
1288	819	
819	2146	
2146	819	
820	1571	
1571	820	
820	2150	
2150	820	
821	973	
973	821	
821	1137	
1137	821	
821	1995	
1995	821	
822	974	
974	822	
822	1138	
1138	822	
822	1996	
1996	822	
823	2072	
2072	823	
824	2073	
2073	824	
825	919	
919	825	
825	1647	
1647	825	
825	2086	
2086	825	
826	920	
920	826	
826	1640	
1640	826	
826	2087	
2087	826	
827	921	
921	827	
827	1648	
1648	827	
827	2088	
2088	827	
828	922	
922	828	
828	1649	
1649	828	
828	2089	
2089	828	
829	834	
834	829	
829	1338	
1338	829	
829	2074	
2074	829	
830	835	
835	830	
830	1339	
1339	830	
830	2075	
2075	830	
831	836	
836	831	
831	1340	
1340	831	
831	2077	
2077	831	
832	837	
837	832	
832	1341	
1341	832	
832	2076	
2076	832	
833	1322	
1322	833	
833	2294	
2294	833	
834	2274	
2274	834	
834	2401	
2401	834	
835	2275	
2275	835	
835	2402	
2402	835	
836	2277	
2277	836	
836	2403	
2403	836	
837	2276	
2276	837	
837	2404	
2404	837	
838	1005	
1005	838	
838	2151	
2151	838	
839	840	
840	839	
839	1526	
1526	839	
839	2239	
2239	839	
840	1194	
1194	840	
841	842	
842	841	
841	1741	
1741	841	
841	2240	
2240	841	
842	1196	
1196	842	
843	844	
844	843	
843	1527	
1527	843	
843	2241	
2241	843	
844	1197	
1197	844	
845	1769	
1769	845	
846	1704	
1704	846	
846	2021	
2021	846	
847	1705	
1705	847	
847	2020	
2020	847	
848	1706	
1706	848	
848	2023	
2023	848	
849	1707	
1707	849	
849	2025	
2025	849	
850	1071	
1071	850	
850	1257	
1257	850	
851	1073	
1073	851	
851	1258	
1258	851	
852	1072	
1072	852	
852	1259	
1259	852	
853	1960	
1960	853	
853	2222	
2222	853	
854	1959	
1959	854	
854	2221	
2221	854	
855	1961	
1961	855	
855	2224	
2224	855	
856	1962	
1962	856	
856	2223	
2223	856	
857	1376	
1376	857	
857	2508	
2508	857	
858	1377	
1377	858	
858	2509	
2509	858	
859	1606	
1606	859	
860	971	
971	860	
860	1014	
1014	860	
860	1527	
1527	860	
861	1362	
1362	861	
862	1363	
1363	862	
863	1364	
1364	863	
864	1365	
1365	864	
865	1234	
1234	865	
865	2126	
2126	865	
866	2591	
2591	866	
866	2653	
2653	866	
868	1330	
1330	868	
869	2589	
2589	869	
869	2618	
2618	869	
870	871	
871	870	
870	1658	
1658	870	
870	2350	
2350	870	
871	2131	
2131	871	
871	2339	
2339	871	
872	1442	
1442	872	
873	1443	
1443	873	
874	1444	
1444	874	
875	1445	
1445	875	
876	933	
933	876	
876	1738	
1738	876	
877	934	
934	877	
877	1739	
1739	877	
878	935	
935	878	
878	1740	
1740	878	
879	1155	
1155	879	
879	2624	
2624	879	
880	881	
881	880	
880	1335	
1335	880	
880	2153	
2153	880	
881	2342	
2342	881	
882	1837	
1837	882	
883	1838	
1838	883	
884	2467	
2467	884	
884	2604	
2604	884	
885	902	
902	885	
885	1542	
1542	885	
885	1729	
1729	885	
886	887	
887	886	
886	958	
958	886	
886	1586	
1586	886	
888	890	
890	888	
888	959	
959	888	
888	1587	
1587	888	
889	891	
891	889	
889	960	
960	889	
889	1588	
1588	889	
892	1946	
1946	892	
892	2655	
2655	892	
893	1737	
1737	893	
893	1744	
1744	893	
894	923	
923	894	
895	1040	
1040	895	
895	1325	
1325	895	
896	975	
975	896	
896	2340	
2340	896	
897	1080	
1080	897	
897	1304	
1304	897	
897	2062	
2062	897	
898	1081	
1081	898	
898	1306	
1306	898	
898	2063	
2063	898	
899	1082	
1082	899	
899	1305	
1305	899	
899	2064	
2064	899	
900	1083	
1083	900	
900	1307	
1307	900	
900	2065	
2065	900	
901	1811	
1811	901	
902	2418	
2418	902	
903	1886	
1886	903	
904	1033	
1033	904	
904	1074	
1074	904	
904	1107	
1107	904	
905	980	
980	905	
905	1485	
1485	905	
906	2066	
2066	906	
907	2068	
2068	907	
908	2069	
2069	908	
909	1019	
1019	909	
909	1713	
1713	909	
910	1042	
1042	910	
910	1126	
1126	910	
910	2239	
2239	910	
911	1127	
1127	911	
911	2240	
2240	911	
912	1014	
1014	912	
912	1128	
1128	912	
912	2241	
2241	912	
913	914	
914	913	
913	1421	
1421	913	
914	1169	
1169	914	
914	2067	
2067	914	
915	917	
917	915	
915	1422	
1422	915	
916	918	
918	916	
916	1423	
1423	916	
917	1171	
1171	917	
917	2070	
2070	917	
918	1172	
1172	918	
918	2071	
2071	918	
919	2290	
2290	919	
920	2291	
2291	920	
921	2292	
2292	921	
922	2293	
2293	922	
923	2238	
2238	923	
924	1007	
1007	924	
924	2465	
2465	924	
925	945	
945	925	
925	1877	
1877	925	
926	1264	
1264	926	
927	1350	
1350	927	
927	2214	
2214	927	
928	1351	
1351	928	
928	2213	
2213	928	
929	1352	
1352	929	
929	2215	
2215	929	
930	1353	
1353	930	
930	2216	
2216	930	
931	2552	
2552	931	
932	2219	
2219	932	
932	2467	
2467	932	
933	1862	
1862	933	
933	2003	
2003	933	
934	1864	
1864	934	
934	2005	
2005	934	
935	1865	
1865	935	
935	2006	
2006	935	
936	1413	
1413	936	
936	1701	
1701	936	
937	1102	
1102	937	
937	1407	
1407	937	
937	2296	
2296	937	
938	2011	
2011	938	
938	2618	
2618	938	
939	2290	
2290	939	
940	2291	
2291	940	
941	2292	
2292	941	
942	2293	
2293	942	
943	944	
944	943	
943	1549	
1549	943	
943	2237	
2237	943	
944	1698	
1698	944	
944	1863	
1863	944	
945	1732	
1732	945	
945	2123	
2123	945	
946	967	
967	946	
947	968	
968	947	
947	2561	
2561	947	
948	969	
969	948	
948	2560	
2560	948	
949	1885	
1885	949	
949	2061	
2061	949	
950	1068	
1068	950	
950	2116	
2116	950	
951	1067	
1067	951	
951	2115	
2115	951	
952	1070	
1070	952	
952	2117	
2117	952	
953	1069	
1069	953	
953	2118	
2118	953	
954	1109	
1109	954	
954	1676	
1676	954	
955	1110	
1110	955	
955	1677	
1677	955	
956	1111	
1111	956	
956	1679	
1679	956	
957	1112	
1112	957	
957	1678	
1678	957	
958	2616	
2616	958	
958	2637	
2637	958	
959	2617	
2617	959	
959	2638	
2638	959	
960	2639	
2639	960	
961	1107	
1107	961	
961	1889	
1889	961	
962	1315	
1315	962	
962	1732	
1732	962	
963	1721	
1721	963	
963	2052	
2052	963	
964	1722	
1722	964	
964	2051	
2051	964	
965	1724	
1724	965	
965	2053	
2053	965	
966	1723	
1723	966	
966	2054	
2054	966	
967	1647	
1647	967	
967	2209	
2209	967	
968	1649	
1649	968	
968	2212	
2212	968	
969	1648	
1648	969	
969	2211	
2211	969	
970	1522	
1522	970	
970	1943	
1943	970	
971	1281	
1281	971	
972	1440	
1440	972	
972	1663	
1663	972	
973	1748	
1748	973	
973	2012	
2012	973	
974	1747	
1747	974	
974	2131	
2131	974	
975	1060	
1060	975	
975	2536	
2536	975	
976	1514	
1514	976	
976	2542	
2542	976	
977	1515	
1515	977	
977	2543	
2543	977	
978	1518	
1518	978	
978	2544	
2544	978	
979	1519	
1519	979	
979	2545	
2545	979	
980	1904	
1904	980	
981	1905	
1905	981	
982	2090	
2090	982	
982	2537	
2537	982	
983	984	
984	983	
983	2455	
2455	983	
984	1540	
1540	984	
985	1294	
1294	985	
985	2599	
2599	985	
986	1006	
1006	986	
986	2587	
2587	986	
987	2120	
2120	987	
988	2119	
2119	988	
989	2121	
2121	989	
990	2122	
2122	990	
991	1659	
1659	991	
991	2554	
2554	991	
992	1660	
1660	992	
992	2556	
2556	992	
993	1661	
1661	993	
993	2558	
2558	993	
994	1520	
1520	994	
994	2340	
2340	994	
995	2610	
2610	995	
996	2611	
2611	996	
997	1205	
1205	997	
997	1833	
1833	997	
998	1206	
1206	998	
998	1834	
1834	998	
999	1207	
1207	999	
999	1836	
1836	999	
1000	1208	
1208	1000	
1000	1835	
1835	1000	
1001	2452	
2452	1001	
1001	2457	
2457	1001	
1002	1524	
1524	1002	
1002	2602	
2602	1002	
1003	1861	
1861	1003	
1004	1861	
1861	1004	
1005	2273	
2273	1005	
1006	1640	
1640	1006	
1006	2210	
2210	1006	
1007	1234	
1234	1007	
1007	1771	
1771	1007	
1008	1202	
1202	1008	
1008	1853	
1853	1008	
1009	1201	
1201	1009	
1009	1852	
1852	1009	
1010	1203	
1203	1010	
1010	1854	
1854	1010	
1011	1204	
1204	1011	
1011	1855	
1855	1011	
1012	2217	
2217	1012	
1012	2405	
2405	1012	
1013	1014	
1014	1013	
1013	1075	
1075	1013	
1015	1016	
1016	1015	
1015	1380	
1380	1015	
1015	1807	
1807	1015	
1016	1292	
1292	1016	
1016	1394	
1394	1016	
1017	1018	
1018	1017	
1017	1347	
1347	1017	
1017	1355	
1355	1017	
1018	1293	
1293	1018	
1018	1395	
1395	1018	
1019	2630	
2630	1019	
1020	1235	
1235	1020	
1020	1555	
1555	1020	
1020	2512	
2512	1020	
1021	1236	
1236	1021	
1021	1556	
1556	1021	
1021	2513	
2513	1021	
1022	1237	
1237	1022	
1022	1557	
1557	1022	
1022	2515	
2515	1022	
1023	1238	
1238	1023	
1023	1558	
1558	1023	
1023	2514	
2514	1023	
1024	1886	
1886	1024	
1024	1896	
1896	1024	
1025	1029	
1029	1025	
1025	1920	
1920	1025	
1026	1031	
1031	1026	
1026	1921	
1921	1026	
1027	1030	
1030	1027	
1027	1922	
1922	1027	
1028	1032	
1032	1028	
1028	1923	
1923	1028	
1029	1370	
1370	1029	
1029	1924	
1924	1029	
1030	1367	
1367	1030	
1030	1927	
1927	1030	
1031	1369	
1369	1031	
1031	1925	
1925	1031	
1032	1368	
1368	1032	
1032	1926	
1926	1032	
1033	1212	
1212	1033	
1034	1050	
1050	1034	
1034	2040	
2040	1034	
1035	1051	
1051	1035	
1035	2039	
2039	1035	
1036	1053	
1053	1036	
1036	2042	
2042	1036	
1037	1052	
1052	1037	
1037	2041	
2041	1037	
1038	1108	
1108	1038	
1038	1809	
1809	1038	
1038	1871	
1871	1038	
1039	2000	
2000	1039	
1040	1584	
1584	1040	
1041	1273	
1273	1041	
1041	1813	
1813	1041	
1041	1981	
1981	1041	
1042	1757	
1757	1042	
1043	1044	
1044	1043	
1043	1062	
1062	1043	
1043	1160	
1160	1043	
1044	1356	
1356	1044	
1044	2015	
2015	1044	
1045	1300	
1300	1045	
1045	1332	
1332	1045	
1045	1462	
1462	1045	
1046	1301	
1301	1046	
1046	1331	
1331	1046	
1046	1463	
1463	1046	
1047	1303	
1303	1047	
1047	1334	
1334	1047	
1047	1460	
1460	1047	
1048	1302	
1302	1048	
1048	1333	
1333	1048	
1048	1461	
1461	1048	
1049	1221	
1221	1049	
1049	1379	
1379	1049	
1049	1621	
1621	1049	
1050	2086	
2086	1050	
1051	2087	
2087	1051	
1052	2088	
2088	1052	
1053	2089	
2089	1053	
1056	1751	
1751	1056	
1056	2502	
2502	1056	
1057	1750	
1750	1057	
1057	2503	
2503	1057	
1058	1752	
1752	1058	
1058	2504	
2504	1058	
1059	1753	
1753	1059	
1059	2505	
2505	1059	
1060	1378	
1378	1060	
1061	1062	
1062	1061	
1061	1524	
1524	1061	
1063	2330	
2330	1063	
1063	2469	
2469	1063	
1064	2333	
2333	1064	
1064	2472	
2472	1064	
1065	2334	
2334	1065	
1065	2473	
2473	1065	
1066	1356	
1356	1066	
1066	2603	
2603	1066	
1067	1676	
1676	1067	
1067	2214	
2214	1067	
1068	1677	
1677	1068	
1068	2213	
2213	1068	
1069	1679	
1679	1069	
1069	2216	
2216	1069	
1070	1678	
1678	1070	
1070	2215	
2215	1070	
1071	1219	
1219	1071	
1071	1894	
1894	1071	
1072	1230	
1230	1072	
1072	2207	
2207	1072	
1073	1231	
1231	1073	
1073	2208	
2208	1073	
1074	2019	
2019	1074	
1075	2452	
2452	1075	
1075	2552	
2552	1075	
1076	2395	
2395	1076	
1077	2396	
2396	1077	
1078	2398	
2398	1078	
1079	2397	
2397	1079	
1084	1548	
1548	1084	
1084	2612	
2612	1084	
1085	2039	
2039	1085	
1085	2087	
2087	1085	
1086	2040	
2040	1086	
1086	2086	
2086	1086	
1087	2041	
2041	1087	
1087	2088	
2088	1087	
1088	2042	
2042	1088	
1088	2089	
2089	1088	
1089	1163	
1163	1089	
1089	2078	
2078	1089	
1089	2569	
2569	1089	
1090	1093	
1093	1090	
1090	1319	
1319	1090	
1090	2378	
2378	1090	
1091	1092	
1092	1091	
1091	1318	
1318	1091	
1091	2379	
2379	1091	
1092	1514	
1514	1092	
1093	1515	
1515	1093	
1094	1096	
1096	1094	
1094	1320	
1320	1094	
1094	2382	
2382	1094	
1095	1097	
1097	1095	
1095	1321	
1321	1095	
1095	2383	
2383	1095	
1096	1519	
1519	1096	
1097	1518	
1518	1097	
1098	1647	
1647	1098	
1099	1649	
1649	1099	
1099	2562	
2562	1099	
1100	1648	
1648	1100	
1100	2563	
2563	1100	
1101	2564	
2564	1101	
1101	2634	
2634	1101	
1102	2463	
2463	1102	
1103	1179	
1179	1103	
1103	1205	
1205	1103	
1103	1447	
1447	1103	
1104	1180	
1180	1104	
1104	1206	
1206	1104	
1104	1446	
1446	1104	
1105	1181	
1181	1105	
1105	1208	
1208	1105	
1105	1449	
1449	1105	
1106	1182	
1182	1106	
1106	1207	
1207	1106	
1106	1448	
1448	1106	
1107	1543	
1543	1107	
1108	2014	
2014	1108	
1108	2124	
2124	1108	
1109	2214	
2214	1109	
1109	2421	
2421	1109	
1110	2213	
2213	1110	
1110	2422	
2422	1110	
1111	2216	
2216	1111	
1111	2423	
2423	1111	
1112	2215	
2215	1112	
1112	2424	
2424	1112	
1113	1852	
1852	1113	
1114	1853	
1853	1114	
1115	1855	
1855	1115	
1116	1854	
1854	1116	
1117	1156	
1156	1117	
1117	1834	
1834	1117	
1118	1157	
1157	1118	
1118	1833	
1833	1118	
1119	1159	
1159	1119	
1119	1835	
1835	1119	
1120	1158	
1158	1120	
1120	1836	
1836	1120	
1121	2268	
2268	1121	
1122	1332	
1332	1122	
1123	1331	
1331	1123	
1124	1333	
1333	1124	
1125	1334	
1334	1125	
1126	1252	
1252	1126	
1127	1253	
1253	1127	
1128	1254	
1254	1128	
1129	1201	
1201	1129	
1129	1403	
1403	1129	
1129	1572	
1572	1129	
1130	1202	
1202	1130	
1130	1404	
1404	1130	
1130	1573	
1573	1130	
1131	1203	
1203	1131	
1131	1406	
1406	1131	
1131	1575	
1575	1131	
1132	1204	
1204	1132	
1132	1405	
1405	1132	
1132	1574	
1574	1132	
1133	2386	
2386	1133	
1134	2387	
2387	1134	
1135	2388	
2388	1135	
1136	2389	
2389	1136	
1137	1818	
1818	1137	
1137	2338	
2338	1137	
1138	1819	
1819	1138	
1138	2339	
2339	1138	
1139	1272	
1272	1139	
1139	1543	
1543	1139	
1139	1951	
1951	1139	
1140	1220	
1220	1140	
1140	2415	
2415	1140	
1141	1232	
1232	1141	
1141	2417	
2417	1141	
1142	1233	
1233	1142	
1142	2416	
2416	1142	
1143	1474	
1474	1143	
1143	2300	
2300	1143	
1144	1475	
1475	1144	
1144	2302	
2302	1144	
1145	1210	
1210	1145	
1146	1211	
1211	1146	
1147	1410	
1410	1147	
1148	1409	
1409	1148	
1149	1411	
1411	1149	
1150	1412	
1412	1150	
1151	1424	
1424	1151	
1151	2327	
2327	1151	
1152	1425	
1425	1152	
1152	2328	
2328	1152	
1153	1282	
1282	1153	
1153	1499	
1499	1153	
1154	1283	
1283	1154	
1154	1500	
1500	1154	
1155	1534	
1534	1155	
1156	1311	
1311	1156	
1156	1714	
1714	1156	
1157	1312	
1312	1157	
1157	1715	
1715	1157	
1158	1313	
1313	1158	
1158	1717	
1717	1158	
1159	1314	
1314	1159	
1159	1716	
1716	1159	
1161	1490	
1490	1161	
1161	2309	
2309	1161	
1162	1200	
1200	1162	
1163	1942	
1942	1163	
1163	2150	
2150	1163	
1164	1642	
1642	1164	
1164	2359	
2359	1164	
1165	1643	
1643	1165	
1165	2358	
2358	1165	
1166	1644	
1644	1166	
1166	2362	
2362	1166	
1167	1645	
1645	1167	
1167	2363	
2363	1167	
1169	1170	
1170	1169	
1171	1173	
1173	1171	
1172	1174	
1174	1172	
1175	1470	
1470	1175	
1175	2343	
2343	1175	
1176	1471	
1471	1176	
1176	2344	
2344	1176	
1177	1472	
1472	1177	
1177	2345	
2345	1177	
1178	1473	
1473	1178	
1178	2346	
2346	1178	
1179	1483	
1483	1179	
1180	1480	
1480	1180	
1181	1482	
1482	1181	
1182	1481	
1481	1182	
1183	2615	
2615	1183	
1183	2634	
2634	1183	
1184	1902	
1902	1184	
1185	1640	
1640	1185	
1185	2588	
2588	1185	
1186	1187	
1187	1186	
1186	1525	
1525	1186	
1187	1279	
1279	1187	
1187	2425	
2425	1187	
1188	1697	
1697	1188	
1188	1703	
1703	1188	
1188	2102	
2102	1188	
1189	1275	
1275	1189	
1189	1814	
1814	1189	
1190	1276	
1276	1190	
1190	1815	
1815	1190	
1191	1277	
1277	1191	
1191	1817	
1817	1191	
1192	1278	
1278	1192	
1192	1816	
1816	1192	
1193	1265	
1265	1193	
1193	1749	
1749	1193	
1194	1195	
1195	1194	
1195	1491	
1491	1195	
1196	1198	
1198	1196	
1197	1199	
1199	1197	
1198	1492	
1492	1198	
1199	1493	
1493	1199	
1200	2260	
2260	1200	
1209	1266	
1266	1209	
1209	1294	
1294	1209	
1209	2028	
2028	1209	
1210	2262	
2262	1210	
1211	2263	
2263	1211	
1212	1402	
1402	1212	
1212	2112	
2112	1212	
1213	1214	
1214	1213	
1213	2055	
2055	1213	
1213	2612	
2612	1213	
1215	1529	
1529	1215	
1215	2402	
2402	1215	
1216	1528	
1528	1216	
1216	2401	
2401	1216	
1217	1531	
1531	1217	
1217	2404	
2404	1217	
1218	1530	
1530	1218	
1218	2403	
2403	1218	
1219	1220	
1220	1219	
1219	2127	
2127	1219	
1221	1525	
1525	1221	
1221	2113	
2113	1221	
1222	1224	
1224	1222	
1222	1359	
1359	1222	
1222	2040	
2040	1222	
1223	1225	
1225	1223	
1223	1358	
1358	1223	
1223	2039	
2039	1223	
1226	1228	
1228	1226	
1226	1360	
1360	1226	
1226	2041	
2041	1226	
1227	1229	
1229	1227	
1227	1361	
1361	1227	
1227	2042	
2042	1227	
1230	1233	
1233	1230	
1230	2499	
2499	1230	
1231	1232	
1232	1231	
1231	2500	
2500	1231	
1235	2167	
2167	1235	
1236	2166	
2166	1236	
1237	2169	
2169	1237	
1238	2168	
2168	1238	
1239	2163	
2163	1239	
1240	2162	
2162	1240	
1241	2165	
2165	1241	
1242	2164	
2164	1242	
1243	1746	
1746	1243	
1243	2061	
2061	1243	
1244	1777	
1777	1244	
1245	1776	
1776	1245	
1246	1782	
1782	1246	
1247	1783	
1783	1247	
1248	1779	
1779	1248	
1249	1778	
1778	1249	
1250	1780	
1780	1250	
1251	1781	
1781	1251	
1252	1491	
1491	1252	
1253	1492	
1492	1253	
1254	1493	
1493	1254	
1255	1256	
1256	1255	
1255	1733	
1733	1255	
1255	2029	
2029	1255	
1256	1322	
1322	1256	
1256	2237	
2237	1256	
1257	2269	
2269	1257	
1257	2415	
2415	1257	
1258	2270	
2270	1258	
1258	2417	
2417	1258	
1259	2271	
2271	1259	
1259	2416	
2416	1259	
1260	1411	
1411	1260	
1260	1497	
1497	1260	
1260	1727	
1727	1260	
1261	1412	
1412	1261	
1261	1496	
1496	1261	
1261	1726	
1726	1261	
1262	1410	
1410	1262	
1262	1495	
1495	1262	
1262	1725	
1725	1262	
1263	1409	
1409	1263	
1263	1498	
1498	1263	
1263	1728	
1728	1263	
1264	1771	
1771	1264	
1264	2305	
2305	1264	
1266	1787	
1787	1266	
1266	2150	
2150	1266	
1267	1316	
1316	1267	
1267	1431	
1431	1267	
1268	2187	
2187	1268	
1269	2188	
2188	1269	
1270	2190	
2190	1270	
1271	2189	
2189	1271	
1272	2109	
2109	1272	
1272	2572	
2572	1272	
1273	2506	
2506	1273	
1274	1431	
1431	1274	
1274	1894	
1894	1274	
1274	2305	
2305	1274	
1275	1296	
1296	1275	
1276	1297	
1297	1276	
1277	1298	
1298	1277	
1278	1299	
1299	1278	
1279	1280	
1280	1279	
1280	2273	
2273	1280	
1281	1420	
1420	1281	
1282	1560	
1560	1282	
1283	1564	
1564	1283	
1284	1287	
1287	1284	
1284	1976	
1976	1284	
1285	1286	
1286	1285	
1285	1977	
1977	1285	
1286	1342	
1342	1286	
1286	2502	
2502	1286	
1287	1343	
1343	1287	
1287	2503	
2503	1287	
1288	1290	
1290	1288	
1288	1979	
1979	1288	
1289	1291	
1291	1289	
1289	1978	
1978	1289	
1290	1345	
1345	1290	
1290	2505	
2505	1290	
1291	1344	
1344	1291	
1291	2504	
2504	1291	
1292	1468	
1468	1292	
1292	1699	
1699	1292	
1293	1469	
1469	1293	
1293	1700	
1700	1293	
1294	1736	
1736	1294	
1295	1866	
1866	1295	
1296	1390	
1390	1296	
1296	1772	
1772	1296	
1297	1391	
1391	1297	
1297	1773	
1773	1297	
1298	1392	
1392	1298	
1298	1775	
1775	1298	
1299	1393	
1393	1299	
1299	1774	
1774	1299	
1300	1708	
1708	1300	
1300	1970	
1970	1300	
1301	1711	
1711	1301	
1301	1969	
1969	1301	
1302	1710	
1710	1302	
1302	1972	
1972	1302	
1303	1709	
1709	1303	
1303	1971	
1971	1303	
1304	2043	
2043	1304	
1304	2313	
2313	1304	
1305	2045	
2045	1305	
1305	2314	
2314	1305	
1306	2044	
2044	1306	
1306	2315	
2315	1306	
1307	2048	
2048	1307	
1307	2316	
2316	1307	
1308	1309	
1309	1308	
1308	2261	
2261	1308	
1310	1433	
1433	1310	
1310	2101	
2101	1310	
1311	2170	
2170	1311	
1311	2421	
2421	1311	
1312	2171	
2171	1312	
1312	2422	
2422	1312	
1313	2172	
2172	1313	
1313	2423	
2423	1313	
1314	2173	
2173	1314	
1314	2424	
2424	1314	
1315	1316	
1316	1315	
1315	2085	
2085	1315	
1317	1336	
1336	1317	
1317	1428	
1428	1317	
1317	1736	
1736	1317	
1318	1387	
1387	1318	
1319	1386	
1386	1319	
1320	1388	
1388	1320	
1321	1389	
1389	1321	
1322	1549	
1549	1322	
1323	2433	
2433	1323	
1323	2570	
2570	1323	
1324	2434	
2434	1324	
1324	2571	
2571	1324	
1325	1487	
1487	1325	
1325	2096	
2096	1325	
1326	1386	
1386	1326	
1326	2512	
2512	1326	
1327	1387	
1387	1327	
1327	2513	
2513	1327	
1328	1388	
1388	1328	
1328	2514	
2514	1328	
1329	1389	
1389	1329	
1329	2515	
2515	1329	
1330	1876	
1876	1330	
1330	2128	
2128	1330	
1335	1336	
1336	1335	
1336	2298	
2298	1336	
1337	1380	
1380	1337	
1337	1895	
1895	1337	
1337	2175	
2175	1337	
1338	1343	
1343	1338	
1338	1590	
1590	1338	
1339	1342	
1342	1339	
1339	1589	
1589	1339	
1340	1345	
1345	1340	
1340	1592	
1592	1340	
1341	1344	
1344	1341	
1341	1591	
1591	1341	
1342	2352	
2352	1342	
1343	2353	
2353	1343	
1344	2354	
2354	1344	
1345	2355	
2355	1345	
1346	1402	
1402	1346	
1346	1874	
1874	1346	
1346	2019	
2019	1346	
1347	1486	
1486	1347	
1347	1765	
1765	1347	
1348	1659	
1659	1348	
1348	1948	
1948	1348	
1349	1661	
1661	1349	
1349	1950	
1950	1349	
1350	1456	
1456	1350	
1351	1457	
1457	1351	
1351	2628	
2628	1351	
1352	1458	
1458	1352	
1353	1459	
1459	1353	
1354	1430	
1430	1354	
1354	1807	
1807	1354	
1354	1981	
1981	1354	
1355	1999	
1999	1355	
1356	2627	
2627	1356	
1357	1827	
1827	1357	
1358	1672	
1672	1358	
1358	1829	
1829	1358	
1359	1673	
1673	1359	
1359	1830	
1830	1359	
1360	1674	
1674	1360	
1360	1832	
1832	1360	
1361	1675	
1675	1361	
1361	1831	
1831	1361	
1362	1668	
1668	1362	
1363	1669	
1669	1363	
1364	1671	
1671	1364	
1365	1670	
1670	1365	
1366	1646	
1646	1366	
1366	2161	
2161	1366	
1367	1371	
1371	1367	
1367	1959	
1959	1367	
1368	1372	
1372	1368	
1368	1960	
1960	1368	
1369	1373	
1373	1369	
1369	1962	
1962	1369	
1370	1374	
1374	1370	
1370	1961	
1961	1370	
1371	2221	
2221	1371	
1372	2222	
2222	1372	
1373	2223	
2223	1373	
1374	2224	
2224	1374	
1375	1784	
1784	1375	
1375	2310	
2310	1375	
1376	2547	
2547	1376	
1377	2548	
2548	1377	
1378	2018	
2018	1378	
1378	2546	
2546	1378	
1379	1550	
1550	1379	
1380	2000	
2000	1380	
1381	1796	
1796	1381	
1381	2445	
2445	1381	
1382	1797	
1797	1382	
1382	2446	
2446	1382	
1383	1798	
1798	1383	
1383	2448	
2448	1383	
1384	1799	
1799	1384	
1384	2447	
2447	1384	
1385	2176	
2176	1385	
1394	1438	
1438	1394	
1394	1981	
1981	1394	
1395	1439	
1439	1395	
1395	1982	
1982	1395	
1396	1660	
1660	1396	
1396	1873	
1873	1396	
1397	1881	
1881	1397	
1398	1882	
1882	1398	
1399	1883	
1883	1399	
1400	1884	
1884	1400	
1401	1488	
1488	1401	
1401	1680	
1680	1401	
1402	1938	
1938	1402	
1403	1842	
1842	1403	
1403	2198	
2198	1403	
1404	1841	
1841	1404	
1404	2197	
2197	1404	
1405	1843	
1843	1405	
1405	2200	
2200	1405	
1406	1844	
1844	1406	
1406	2199	
2199	1406	
1407	1594	
1594	1407	
1407	1769	
1769	1407	
1408	2456	
2456	1408	
1408	2592	
2592	1408	
1409	2022	
2022	1409	
1410	2024	
2024	1410	
1411	2026	
2026	1411	
1412	2027	
2027	1412	
1413	1593	
1593	1413	
1413	1903	
1903	1413	
1414	1637	
1637	1414	
1414	1750	
1750	1414	
1414	1847	
1847	1414	
1415	1636	
1636	1415	
1415	1751	
1751	1415	
1415	1848	
1848	1415	
1416	1638	
1638	1416	
1416	1752	
1752	1416	
1416	1849	
1849	1416	
1417	1639	
1639	1417	
1417	1753	
1753	1417	
1417	1850	
1850	1417	
1418	1585	
1585	1418	
1418	1747	
1747	1418	
1419	1748	
1748	1419	
1419	2013	
2013	1419	
1420	1939	
1939	1420	
1420	2091	
2091	1420	
1421	2194	
2194	1421	
1422	2195	
2195	1422	
1423	2196	
2196	1423	
1424	1689	
1689	1424	
1425	1691	
1691	1425	
1426	1499	
1499	1426	
1426	1690	
1690	1426	
1427	1500	
1500	1427	
1427	1692	
1692	1427	
1428	1828	
1828	1428	
1428	2645	
2645	1428	
1429	1430	
1430	1429	
1429	1770	
1770	1429	
1429	2083	
2083	1429	
1432	1441	
1441	1432	
1432	1616	
1616	1432	
1432	1731	
1731	1432	
1433	1620	
1620	1433	
1433	2220	
2220	1433	
1434	1436	
1436	1434	
1434	1544	
1544	1434	
1435	1437	
1437	1435	
1435	1546	
1546	1435	
1436	1992	
1992	1436	
1437	1994	
1994	1437	
1438	2104	
2104	1438	
1439	2105	
2105	1439	
1440	1737	
1737	1440	
1440	2160	
2160	1440	
1442	2401	
2401	1442	
1443	2402	
2402	1443	
1444	2403	
2403	1444	
1445	2404	
2404	1445	
1446	1792	
1792	1446	
1447	1795	
1795	1447	
1448	1793	
1793	1448	
1449	1794	
1794	1449	
1450	1451	
1451	1450	
1450	1953	
1953	1450	
1451	1973	
1973	1451	
1452	1454	
1454	1452	
1452	1955	
1955	1452	
1453	1455	
1455	1453	
1453	1957	
1957	1453	
1454	1974	
1974	1454	
1455	1975	
1975	1455	
1456	2421	
2421	1456	
1456	2436	
2436	1456	
1457	2422	
2422	1457	
1457	2437	
2437	1457	
1458	2424	
2424	1458	
1458	2438	
2438	1458	
1459	2423	
2423	1459	
1459	2439	
2439	1459	
1464	1533	
1533	1464	
1464	1732	
1732	1464	
1465	1940	
1940	1465	
1465	2301	
2301	1465	
1466	1941	
1941	1466	
1466	2303	
2303	1466	
1467	1851	
1851	1467	
1468	1944	
1944	1468	
1469	1945	
1945	1469	
1470	1758	
1758	1470	
1471	1759	
1759	1471	
1472	1760	
1760	1472	
1473	1761	
1761	1473	
1474	1626	
1626	1474	
1474	2479	
2479	1474	
1475	1632	
1632	1475	
1475	2481	
2481	1475	
1476	1528	
1528	1476	
1476	1824	
1824	1476	
1477	1529	
1529	1477	
1477	1823	
1823	1477	
1478	1530	
1530	1478	
1478	1826	
1826	1478	
1479	1531	
1531	1479	
1479	1825	
1825	1479	
1480	1792	
1792	1480	
1481	1793	
1793	1481	
1482	1794	
1794	1482	
1483	1795	
1795	1483	
1484	1741	
1741	1484	
1484	1785	
1785	1484	
1486	1641	
1641	1486	
1486	2014	
2014	1486	
1487	1712	
1712	1487	
1487	2129	
2129	1487	
1488	1840	
1840	1488	
1489	1523	
1523	1489	
1489	2326	
2326	1489	
1490	1628	
1628	1490	
1490	2489	
2489	1490	
1491	2239	
2239	1491	
1492	2240	
2240	1492	
1493	2241	
2241	1493	
1494	1766	
1766	1494	
1494	2141	
2141	1494	
1494	2405	
2405	1494	
1495	1913	
1913	1495	
1496	1914	
1914	1496	
1497	1915	
1915	1497	
1498	1912	
1912	1498	
1501	1860	
1860	1501	
1501	2152	
2152	1501	
1502	1549	
1549	1502	
1502	1789	
1789	1502	
1502	2432	
2432	1502	
1503	1607	
1607	1503	
1503	2038	
2038	1503	
1504	1776	
1776	1504	
1504	2166	
2166	1504	
1505	1777	
1777	1505	
1505	2167	
2167	1505	
1506	1782	
1782	1506	
1506	2169	
2169	1506	
1507	1783	
1783	1507	
1507	2168	
2168	1507	
1508	1778	
1778	1508	
1508	2162	
2162	1508	
1509	1779	
1779	1509	
1509	2163	
2163	1509	
1510	1781	
1781	1510	
1510	2164	
2164	1510	
1511	1780	
1780	1511	
1511	2165	
2165	1511	
1512	1514	
1514	1512	
1512	2321	
2321	1512	
1512	2380	
2380	1512	
1513	1515	
1515	1513	
1513	2322	
2322	1513	
1513	2381	
2381	1513	
1516	1518	
1518	1516	
1516	2323	
2323	1516	
1516	2384	
2384	1516	
1517	1519	
1519	1517	
1517	2324	
2324	1517	
1517	2385	
2385	1517	
1520	1532	
1532	1520	
1520	1952	
1952	1520	
1521	1533	
1533	1521	
1522	1963	
1963	1522	
1522	1966	
1966	1522	
1524	1934	
1934	1524	
1526	1936	
1936	1526	
1527	1939	
1939	1527	
1528	2074	
2074	1528	
1529	2075	
2075	1529	
1530	2077	
2077	1530	
1531	2076	
2076	1531	
1532	1937	
1937	1532	
1533	1966	
1966	1533	
1534	2564	
2564	1534	
1535	1619	
1619	1535	
1536	1802	
1802	1536	
1536	2024	
2024	1536	
1537	1803	
1803	1537	
1537	2022	
2022	1537	
1538	1804	
1804	1538	
1538	2026	
2026	1538	
1539	1805	
1805	1539	
1539	2027	
2027	1539	
1540	1603	
1603	1540	
1540	1680	
1680	1540	
1541	1658	
1658	1541	
1541	1982	
1982	1541	
1541	2108	
2108	1541	
1542	2029	
2029	1542	
1543	1742	
1742	1543	
1544	1545	
1545	1544	
1546	1547	
1547	1546	
1548	2177	
2177	1548	
1548	2620	
2620	1548	
1550	1909	
1909	1550	
1551	1567	
1567	1551	
1551	1916	
1916	1551	
1552	1569	
1569	1552	
1552	1918	
1918	1552	
1553	1570	
1570	1553	
1553	1919	
1919	1553	
1554	1568	
1568	1554	
1554	1917	
1917	1554	
1555	2133	
2133	1555	
1556	2132	
2132	1556	
1557	2134	
2134	1557	
1558	2135	
2135	1558	
1559	1561	
1561	1559	
1559	2325	
2325	1559	
1560	1563	
1563	1560	
1562	1565	
1565	1562	
1562	2326	
2326	1562	
1564	1566	
1566	1564	
1567	1685	
1685	1567	
1568	1686	
1686	1568	
1569	1687	
1687	1569	
1570	1688	
1688	1570	
1571	1786	
1786	1571	
1572	1868	
1868	1572	
1573	1867	
1867	1573	
1574	1869	
1869	1574	
1575	1870	
1870	1575	
1576	1578	
1578	1576	
1576	1612	
1612	1576	
1577	1579	
1579	1577	
1577	1614	
1614	1577	
1580	1681	
1681	1580	
1580	1823	
1823	1580	
1581	1682	
1682	1581	
1581	1824	
1824	1581	
1582	1683	
1683	1582	
1582	1825	
1825	1582	
1583	1684	
1684	1583	
1583	1826	
1826	1583	
1584	1851	
1851	1584	
1584	1878	
1878	1584	
1585	2131	
2131	1585	
1589	2516	
2516	1589	
1590	2517	
2517	1590	
1591	2518	
2518	1591	
1592	2519	
2519	1592	
1593	2507	
2507	1593	
1594	2011	
2011	1594	
1594	2647	
2647	1594	
1595	1608	
1608	1595	
1595	1841	
1841	1595	
1595	2157	
2157	1595	
1596	1609	
1609	1596	
1596	1842	
1842	1596	
1596	2156	
2156	1596	
1597	1610	
1610	1597	
1597	1843	
1843	1597	
1597	2158	
2158	1597	
1598	1611	
1611	1598	
1598	1844	
1844	1598	
1598	2159	
2159	1598	
1599	1685	
1685	1599	
1599	2097	
2097	1599	
1600	1686	
1686	1600	
1600	2098	
2098	1600	
1601	1687	
1687	1601	
1601	2099	
2099	1601	
1602	1688	
1688	1602	
1602	2100	
2100	1602	
1603	1840	
1840	1603	
1603	2082	
2082	1603	
1604	1605	
1605	1604	
1604	2325	
2325	1604	
1606	1731	
1731	1606	
1607	1935	
1935	1607	
1608	2406	
2406	1608	
1609	2407	
2407	1609	
1610	2408	
2408	1610	
1611	2409	
2409	1611	
1612	1613	
1613	1612	
1613	1988	
1988	1613	
1614	1615	
1615	1614	
1615	1990	
1990	1615	
1616	2152	
2152	1616	
1617	1618	
1618	1617	
1617	2154	
2154	1617	
1617	2268	
2268	1617	
1618	2460	
2460	1618	
1620	2484	
2484	1620	
1620	2593	
2593	1620	
1621	2106	
2106	1621	
1622	1634	
1634	1622	
1622	2394	
2394	1622	
1622	2500	
2500	1622	
1623	1635	
1635	1623	
1623	2393	
2393	1623	
1623	2499	
2499	1623	
1624	1625	
1625	1624	
1624	2656	
2656	1624	
1625	1733	
1733	1625	
1625	2357	
2357	1625	
1626	1627	
1627	1626	
1626	2001	
2001	1626	
1627	1693	
1693	1627	
1627	2043	
2043	1627	
1628	1631	
1631	1628	
1628	2002	
2002	1628	
1629	1630	
1630	1629	
1629	1697	
1697	1629	
1630	1694	
1694	1630	
1630	2044	
2044	1630	
1631	1695	
1695	1631	
1631	2045	
2045	1631	
1632	1633	
1633	1632	
1632	2004	
2004	1632	
1633	1696	
1696	1633	
1633	2048	
2048	1633	
1634	1747	
1747	1634	
1634	1996	
1996	1634	
1635	1748	
1748	1635	
1635	1995	
1995	1635	
1636	1977	
1977	1636	
1636	2502	
2502	1636	
1637	1976	
1976	1637	
1637	2503	
2503	1637	
1638	1978	
1978	1638	
1638	2504	
2504	1638	
1639	1979	
1979	1639	
1639	2505	
2505	1639	
1641	1662	
1662	1641	
1641	2125	
2125	1641	
1642	2406	
2406	1642	
1643	2407	
2407	1643	
1644	2409	
2409	1644	
1645	2408	
2408	1645	
1646	2337	
2337	1646	
1646	2537	
2537	1646	
1650	2162	
2162	1650	
1651	2164	
2164	1651	
1652	2163	
2163	1652	
1653	2165	
2165	1653	
1654	2166	
2166	1654	
1655	2167	
2167	1655	
1656	2168	
2168	1656	
1657	2169	
2169	1657	
1658	2299	
2299	1658	
1662	1967	
1967	1662	
1662	2492	
2492	1662	
1663	2141	
2141	1663	
1663	2425	
2425	1663	
1664	2021	
2021	1664	
1664	2343	
2343	1664	
1665	2020	
2020	1665	
1665	2344	
2344	1665	
1666	2023	
2023	1666	
1666	2345	
2345	1666	
1667	2025	
2025	1667	
1667	2346	
2346	1667	
1672	2204	
2204	1672	
1672	2538	
2538	1672	
1673	2203	
2203	1673	
1673	2539	
2539	1673	
1674	2206	
2206	1674	
1674	2540	
2540	1674	
1675	2205	
2205	1675	
1675	2541	
2541	1675	
1676	1750	
1750	1676	
1677	1751	
1751	1677	
1678	1752	
1752	1678	
1679	1753	
1753	1679	
1681	2075	
2075	1681	
1681	2516	
2516	1681	
1682	2074	
2074	1682	
1682	2517	
2517	1682	
1683	2076	
2076	1683	
1683	2518	
2518	1683	
1684	2077	
2077	1684	
1684	2519	
2519	1684	
1685	2007	
2007	1685	
1686	2008	
2008	1686	
1687	2009	
2009	1687	
1688	2010	
2010	1688	
1689	1693	
1693	1689	
1690	1694	
1694	1690	
1691	1695	
1695	1691	
1692	1696	
1696	1692	
1693	2313	
2313	1693	
1694	2315	
2315	1694	
1695	2314	
2314	1695	
1696	2316	
2316	1696	
1697	1698	
1698	1697	
1698	2047	
2047	1698	
1699	1908	
1908	1699	
1699	2000	
2000	1699	
1700	1765	
1765	1700	
1700	2435	
2435	1700	
1701	1702	
1702	1701	
1701	2440	
2440	1701	
1702	1965	
1965	1702	
1704	2576	
2576	1704	
1705	2577	
2577	1705	
1706	2580	
2580	1706	
1707	2581	
2581	1707	
1708	2640	
2640	1708	
1709	2643	
2643	1709	
1710	2642	
2642	1710	
1711	2641	
2641	1711	
1712	1934	
1934	1712	
1712	2602	
2602	1712	
1713	1734	
1734	1713	
1713	2356	
2356	1713	
1714	2286	
2286	1714	
1715	2287	
2287	1715	
1716	2288	
2288	1716	
1717	2289	
2289	1717	
1718	1762	
1762	1718	
1718	2147	
2147	1718	
1719	1763	
1763	1719	
1719	2148	
2148	1719	
1720	1764	
1764	1720	
1720	2149	
2149	1720	
1721	2115	
2115	1721	
1722	2116	
2116	1722	
1723	2117	
2117	1723	
1724	2118	
2118	1724	
1725	2119	
2119	1725	
1725	2605	
2605	1725	
1726	2122	
2122	1726	
1726	2608	
2608	1726	
1727	2121	
2121	1727	
1727	2607	
2607	1727	
1728	2120	
2120	1728	
1728	2606	
2606	1728	
1729	1730	
1730	1729	
1729	2103	
2103	1729	
1730	2029	
2029	1730	
1730	2357	
2357	1730	
1731	2568	
2568	1731	
1733	2102	
2102	1733	
1734	2072	
2072	1734	
1734	2266	
2266	1734	
1735	2073	
2073	1735	
1735	2267	
2267	1735	
1735	2299	
2299	1735	
1736	2153	
2153	1736	
1737	1766	
1766	1737	
1738	1820	
1820	1738	
1738	2229	
2229	1738	
1739	1821	
1821	1739	
1739	2230	
2230	1739	
1740	1822	
1822	1740	
1740	2231	
2231	1740	
1741	1986	
1986	1741	
1742	1980	
1980	1742	
1743	1744	
1744	1743	
1743	1766	
1766	1743	
1743	2256	
2256	1743	
1744	2418	
2418	1744	
1745	1746	
1746	1745	
1745	2060	
2060	1745	
1749	1767	
1767	1749	
1754	1755	
1755	1754	
1754	1768	
1768	1754	
1755	2511	
2511	1755	
1756	1757	
1757	1756	
1758	1802	
1802	1758	
1759	1803	
1803	1759	
1760	1804	
1804	1760	
1761	1805	
1805	1761	
1762	2079	
2079	1762	
1763	2080	
2080	1763	
1764	2081	
2081	1764	
1765	1967	
1967	1765	
1767	1768	
1768	1767	
1767	2460	
2460	1767	
1768	2615	
2615	1768	
1769	2461	
2461	1769	
1770	1902	
1902	1770	
1770	2609	
2609	1770	
1771	2126	
2126	1771	
1772	1814	
1814	1772	
1772	2386	
2386	1772	
1773	1815	
1815	1773	
1773	2387	
2387	1773	
1774	1816	
1816	1774	
1774	2388	
2388	1774	
1775	1817	
1817	1775	
1775	2389	
2389	1775	
1776	2247	
2247	1776	
1777	2248	
2248	1777	
1778	2251	
2251	1778	
1779	2252	
2252	1779	
1780	2253	
2253	1780	
1781	2254	
2254	1781	
1782	2249	
2249	1782	
1783	2250	
2250	1783	
1784	1911	
1911	1784	
1784	2599	
2599	1784	
1785	2130	
2130	1785	
1785	2420	
2420	1785	
1786	1787	
1787	1786	
1786	2342	
2342	1786	
1787	2153	
2153	1787	
1788	1820	
1820	1788	
1788	1862	
1862	1788	
1789	1863	
1863	1789	
1790	1821	
1821	1790	
1790	1864	
1864	1790	
1791	1822	
1822	1791	
1791	1865	
1865	1791	
1796	1857	
1857	1796	
1796	2233	
2233	1796	
1797	1856	
1856	1797	
1797	2234	
2234	1797	
1798	1859	
1859	1798	
1798	2235	
2235	1798	
1799	1858	
1858	1799	
1799	2236	
2236	1799	
1800	1801	
1801	1800	
1800	1810	
1810	1800	
1800	2419	
2419	1800	
1801	1871	
1871	1801	
1801	1879	
1879	1801	
1802	2343	
2343	1802	
1803	2344	
2344	1803	
1804	2345	
2345	1804	
1805	2346	
2346	1805	
1806	2566	
2566	1806	
1807	2609	
2609	1807	
1808	1839	
1839	1808	
1808	2082	
2082	1808	
1808	2546	
2546	1808	
1809	1810	
1810	1809	
1809	2295	
2295	1809	
1811	2186	
2186	1811	
1812	2312	
2312	1812	
1813	2104	
2104	1813	
1813	2550	
2550	1813	
1814	2358	
2358	1814	
1815	2359	
2359	1815	
1816	2362	
2362	1816	
1817	2363	
2363	1817	
1818	2482	
2482	1818	
1818	2570	
2570	1818	
1819	2483	
2483	1819	
1819	2571	
2571	1819	
1820	2449	
2449	1820	
1821	2450	
2450	1821	
1822	2451	
2451	1822	
1827	2060	
2060	1827	
1827	2136	
2136	1827	
1828	2555	
2555	1828	
1829	2143	
2143	1829	
1830	2144	
2144	1830	
1831	2145	
2145	1831	
1832	2146	
2146	1832	
1839	2103	
2103	1839	
1839	2377	
2377	1839	
1840	2536	
2536	1840	
1841	1867	
1867	1841	
1842	1868	
1868	1842	
1843	1869	
1869	1843	
1844	1870	
1870	1844	
1845	1846	
1846	1845	
1845	1936	
1936	1845	
1847	2052	
2052	1847	
1847	2115	
2115	1847	
1848	2051	
2051	1848	
1848	2116	
2116	1848	
1849	2054	
2054	1849	
1849	2117	
2117	1849	
1850	2053	
2053	1850	
1850	2118	
2118	1850	
1851	2109	
2109	1851	
1852	1857	
1857	1852	
1853	1856	
1856	1853	
1854	1858	
1858	1854	
1855	1859	
1859	1855	
1856	2197	
2197	1856	
1857	2198	
2198	1857	
1858	2199	
2199	1858	
1859	2200	
2200	1859	
1860	2311	
2311	1860	
1860	2568	
2568	1860	
1861	2306	
2306	1861	
1866	1885	
1885	1866	
1872	1873	
1873	1872	
1872	2002	
2002	1872	
1872	2489	
2489	1872	
1874	1875	
1875	1874	
1874	1896	
1896	1874	
1875	2091	
2091	1875	
1876	2055	
2055	1876	
1878	1951	
1951	1878	
1878	2218	
2218	1878	
1879	1880	
1880	1879	
1879	2186	
2186	1879	
1880	2420	
2420	1880	
1881	2133	
2133	1881	
1881	2512	
2512	1881	
1882	2132	
2132	1882	
1882	2513	
2513	1882	
1883	2135	
2135	1883	
1883	2514	
2514	1883	
1884	2134	
2134	1884	
1884	2515	
2515	1884	
1885	2246	
2246	1885	
1886	1887	
1887	1886	
1887	1897	
1897	1887	
1887	2013	
2013	1887	
1888	1908	
1908	1888	
1888	1944	
1944	1888	
1888	2297	
2297	1888	
1889	1951	
1951	1889	
1889	2498	
2498	1889	
1890	2187	
2187	1890	
1891	2190	
2190	1891	
1892	2188	
2188	1892	
1893	2189	
2189	1893	
1894	2174	
2174	1894	
1896	1897	
1897	1896	
1898	2442	
2442	1898	
1899	2441	
2441	1899	
1900	2443	
2443	1900	
1901	2444	
2444	1901	
1902	2176	
2176	1902	
1903	1964	
1964	1903	
1903	2565	
2565	1903	
1906	2208	
2208	1906	
1907	2207	
2207	1907	
1909	2106	
2106	1909	
1909	2565	
2565	1909	
1910	1968	
1968	1910	
1910	2586	
2586	1910	
1911	2336	
2336	1911	
1912	1969	
1969	1912	
1912	2606	
2606	1912	
1913	1970	
1970	1913	
1913	2605	
2605	1913	
1914	1971	
1971	1914	
1914	2608	
2608	1914	
1915	1972	
1972	1915	
1915	2607	
2607	1915	
1920	2369	
2369	1920	
1920	2533	
2533	1920	
1921	2370	
2370	1921	
1921	2532	
2532	1921	
1922	2372	
2372	1922	
1922	2534	
2534	1922	
1923	2371	
2371	1923	
1923	2535	
2535	1923	
1924	2374	
2374	1924	
1924	2522	
2522	1924	
1925	2375	
2375	1925	
1925	2520	
2520	1925	
1926	2373	
2373	1926	
1926	2523	
2523	1926	
1927	2376	
2376	1927	
1927	2521	
2521	1927	
1928	1929	
1929	1928	
1928	2348	
2348	1928	
1928	2501	
2501	1928	
1929	2457	
2457	1929	
1929	2493	
2493	1929	
1930	2032	
2032	1930	
1931	2033	
2033	1931	
1932	2036	
2036	1932	
1933	2037	
2037	1933	
1936	2085	
2085	1936	
1937	2623	
2623	1937	
1938	2112	
2112	1938	
1940	1983	
1983	1940	
1940	2595	
2595	1940	
1941	1984	
1984	1941	
1941	2597	
2597	1941	
1942	1943	
1943	1942	
1942	1963	
1963	1942	
1943	2090	
2090	1943	
1944	2057	
2057	1944	
1945	2058	
2058	1945	
1945	2427	
2427	1945	
1946	1980	
1980	1946	
1946	2454	
2454	1946	
1947	1948	
1948	1947	
1947	2001	
2001	1947	
1947	2479	
2479	1947	
1949	1950	
1950	1949	
1949	2004	
2004	1949	
1949	2481	
2481	1949	
1952	2341	
2341	1952	
1953	1954	
1954	1953	
1954	2229	
2229	1954	
1955	1956	
1956	1955	
1956	2230	
2230	1956	
1957	1958	
1958	1957	
1958	2231	
2231	1958	
1964	1965	
1965	1964	
1964	2631	
2631	1964	
1965	2600	
2600	1965	
1967	2635	
2635	1967	
1968	2573	
2573	1968	
1968	2626	
2626	1968	
1973	2079	
2079	1973	
1973	2229	
2229	1973	
1974	2080	
2080	1974	
1974	2230	
2230	1974	
1975	2081	
2081	1975	
1975	2231	
2231	1975	
1980	2572	
2572	1980	
1982	1999	
1999	1982	
1983	2318	
2318	1983	
1984	2320	
2320	1984	
1985	1986	
1986	1985	
1985	2130	
2130	1985	
1987	1988	
1988	1987	
1987	2242	
2242	1987	
1989	1990	
1990	1989	
1989	2243	
2243	1989	
1991	1992	
1992	1991	
1991	2244	
2244	1991	
1993	1994	
1994	1993	
1993	2245	
2245	1993	
1995	1997	
1997	1995	
1996	1998	
1998	1996	
1997	2508	
2508	1997	
1997	2547	
2547	1997	
1998	2509	
2509	1998	
1998	2548	
2548	1998	
1999	2350	
2350	1999	
2001	2003	
2003	2001	
2002	2005	
2005	2002	
2003	2046	
2046	2003	
2004	2006	
2006	2004	
2005	2049	
2049	2005	
2006	2050	
2050	2006	
2007	2097	
2097	2007	
2008	2098	
2098	2008	
2009	2099	
2099	2009	
2010	2100	
2100	2010	
2011	2491	
2491	2011	
2012	2013	
2013	2012	
2015	2016	
2016	2015	
2015	2626	
2626	2015	
2016	2604	
2604	2016	
2017	2018	
2018	2017	
2017	2038	
2038	2017	
2017	2656	
2656	2017	
2018	2377	
2377	2018	
2019	2091	
2091	2019	
2020	2022	
2022	2020	
2021	2024	
2024	2021	
2023	2026	
2026	2023	
2025	2027	
2027	2025	
2028	2078	
2078	2028	
2028	2598	
2598	2028	
2030	2032	
2032	2030	
2030	2471	
2471	2030	
2030	2494	
2494	2030	
2031	2033	
2033	2031	
2031	2470	
2470	2031	
2031	2495	
2495	2031	
2032	2576	
2576	2032	
2033	2577	
2577	2033	
2034	2036	
2036	2034	
2034	2474	
2474	2034	
2034	2496	
2496	2034	
2035	2037	
2037	2035	
2035	2475	
2475	2035	
2035	2497	
2497	2035	
2036	2580	
2580	2036	
2037	2581	
2581	2037	
2043	2046	
2046	2043	
2044	2047	
2047	2044	
2045	2049	
2049	2045	
2048	2050	
2050	2048	
2056	2057	
2057	2056	
2056	2553	
2553	2056	
2057	2644	
2644	2057	
2058	2059	
2059	2058	
2058	2646	
2646	2058	
2059	2557	
2557	2059	
2060	2061	
2061	2060	
2062	2097	
2097	2062	
2063	2098	
2098	2063	
2064	2099	
2099	2064	
2065	2100	
2100	2065	
2066	2067	
2067	2066	
2066	2269	
2269	2066	
2068	2070	
2070	2068	
2068	2270	
2270	2068	
2069	2071	
2071	2069	
2069	2271	
2271	2069	
2078	2585	
2585	2078	
2079	2449	
2449	2079	
2080	2450	
2450	2080	
2081	2451	
2451	2081	
2083	2084	
2084	2083	
2084	2440	
2440	2084	
2090	2161	
2161	2090	
2092	2330	
2330	2092	
2092	2575	
2575	2092	
2093	2574	
2574	2093	
2094	2333	
2333	2094	
2094	2579	
2579	2094	
2095	2334	
2334	2095	
2095	2578	
2578	2095	
2096	2218	
2218	2096	
2101	2295	
2295	2101	
2102	2237	
2237	2102	
2104	2594	
2594	2104	
2105	2108	
2108	2105	
2105	2596	
2596	2105	
2106	2631	
2631	2106	
2107	2256	
2256	2107	
2107	2405	
2405	2107	
2108	2399	
2399	2108	
2109	2114	
2114	2109	
2110	2114	
2114	2110	
2110	2453	
2453	2110	
2111	2567	
2567	2111	
2113	2217	
2217	2113	
2113	2425	
2425	2113	
2114	2572	
2572	2114	
2119	2226	
2226	2119	
2120	2225	
2225	2120	
2121	2227	
2227	2121	
2122	2228	
2228	2122	
2124	2125	
2125	2124	
2124	2220	
2220	2124	
2125	2593	
2593	2125	
2126	2127	
2127	2126	
2127	2305	
2305	2127	
2128	2129	
2129	2128	
2128	2602	
2602	2128	
2130	2511	
2511	2130	
2136	2177	
2177	2136	
2137	2395	
2395	2137	
2138	2396	
2396	2138	
2139	2398	
2398	2139	
2140	2397	
2397	2140	
2141	2217	
2217	2141	
2143	2322	
2322	2143	
2144	2321	
2321	2144	
2145	2323	
2323	2145	
2146	2324	
2324	2146	
2147	2191	
2191	2147	
2147	2442	
2442	2147	
2148	2192	
2192	2148	
2148	2443	
2443	2148	
2149	2193	
2193	2149	
2149	2444	
2444	2149	
2151	2160	
2160	2151	
2151	2347	
2347	2151	
2152	2506	
2506	2152	
2154	2155	
2155	2154	
2154	2272	
2272	2154	
2155	2390	
2390	2155	
2155	2426	
2426	2155	
2156	2233	
2233	2156	
2156	2428	
2428	2156	
2157	2234	
2234	2157	
2157	2429	
2429	2157	
2158	2235	
2235	2158	
2158	2431	
2431	2158	
2159	2236	
2236	2159	
2159	2430	
2430	2159	
2160	2294	
2294	2160	
2161	2569	
2569	2161	
2170	2436	
2436	2170	
2170	2494	
2494	2170	
2171	2437	
2437	2171	
2171	2495	
2495	2171	
2172	2439	
2439	2172	
2172	2497	
2497	2172	
2173	2438	
2438	2173	
2173	2496	
2496	2173	
2175	2176	
2176	2175	
2175	2609	
2609	2175	
2178	2184	
2184	2178	
2178	2527	
2527	2178	
2179	2185	
2185	2179	
2179	2526	
2526	2179	
2180	2182	
2182	2180	
2180	2525	
2525	2180	
2181	2183	
2183	2181	
2181	2524	
2524	2181	
2182	2529	
2529	2182	
2183	2528	
2528	2183	
2184	2531	
2531	2184	
2185	2530	
2530	2185	
2191	2449	
2449	2191	
2192	2450	
2450	2192	
2193	2451	
2451	2193	
2194	2269	
2269	2194	
2194	2415	
2415	2194	
2195	2270	
2270	2195	
2195	2417	
2417	2195	
2196	2271	
2271	2196	
2196	2416	
2416	2196	
2197	2234	
2234	2197	
2198	2233	
2233	2198	
2199	2236	
2236	2199	
2200	2235	
2235	2200	
2201	2202	
2202	2201	
2201	2620	
2620	2201	
2202	2458	
2458	2202	
2207	2393	
2393	2207	
2208	2394	
2394	2208	
2209	2242	
2242	2209	
2209	2290	
2290	2209	
2210	2243	
2243	2210	
2210	2291	
2291	2210	
2211	2244	
2244	2211	
2211	2292	
2292	2211	
2212	2245	
2245	2212	
2212	2293	
2293	2212	
2218	2498	
2498	2218	
2219	2255	
2255	2219	
2220	2295	
2295	2220	
2225	2641	
2641	2225	
2226	2640	
2640	2226	
2227	2642	
2642	2227	
2228	2643	
2643	2228	
2232	2238	
2238	2232	
2232	2246	
2246	2232	
2255	2583	
2583	2255	
2256	2257	
2257	2256	
2257	2476	
2476	2257	
2257	2592	
2592	2257	
2258	2260	
2260	2258	
2258	2410	
2410	2258	
2259	2261	
2261	2259	
2259	2411	
2411	2259	
2262	2264	
2264	2262	
2263	2265	
2265	2263	
2264	2412	
2412	2264	
2265	2413	
2413	2265	
2266	2338	
2338	2266	
2266	2570	
2570	2266	
2267	2339	
2339	2267	
2267	2571	
2571	2267	
2268	2586	
2586	2268	
2272	2304	
2304	2272	
2272	2603	
2603	2272	
2273	2628	
2628	2273	
2274	2353	
2353	2274	
2275	2352	
2352	2275	
2276	2354	
2354	2276	
2277	2355	
2355	2277	
2278	2373	
2373	2278	
2278	2527	
2527	2278	
2279	2376	
2376	2279	
2279	2526	
2526	2279	
2280	2374	
2374	2280	
2280	2525	
2525	2280	
2281	2375	
2375	2281	
2281	2524	
2524	2281	
2282	2371	
2371	2282	
2282	2531	
2531	2282	
2283	2372	
2372	2283	
2283	2530	
2530	2283	
2284	2369	
2369	2284	
2284	2529	
2529	2284	
2285	2370	
2370	2285	
2285	2528	
2528	2285	
2286	2494	
2494	2286	
2287	2495	
2495	2287	
2288	2496	
2496	2288	
2289	2497	
2497	2289	
2294	2432	
2432	2294	
2296	2590	
2590	2296	
2296	2614	
2614	2296	
2297	2307	
2307	2297	
2297	2610	
2610	2297	
2298	2308	
2308	2298	
2298	2611	
2611	2298	
2299	2400	
2400	2299	
2300	2301	
2301	2300	
2301	2478	
2478	2301	
2302	2303	
2303	2302	
2303	2480	
2480	2303	
2304	2586	
2586	2304	
2304	2627	
2627	2304	
2307	2616	
2616	2307	
2307	2644	
2644	2307	
2308	2617	
2617	2308	
2308	2645	
2645	2308	
2309	2310	
2310	2309	
2310	2488	
2488	2310	
2317	2318	
2318	2317	
2317	2550	
2550	2317	
2317	2594	
2594	2317	
2319	2320	
2320	2319	
2319	2399	
2399	2319	
2319	2596	
2596	2319	
2321	2539	
2539	2321	
2322	2538	
2538	2322	
2323	2541	
2541	2323	
2324	2540	
2540	2324	
2325	2327	
2327	2325	
2326	2328	
2328	2326	
2329	2330	
2330	2329	
2329	2366	
2366	2329	
2329	2442	
2442	2329	
2331	2334	
2334	2331	
2331	2367	
2367	2331	
2331	2443	
2443	2331	
2332	2333	
2333	2332	
2332	2368	
2368	2332	
2332	2444	
2444	2332	
2335	2336	
2336	2335	
2335	2585	
2585	2335	
2335	2598	
2598	2335	
2337	2654	
2654	2337	
2340	2341	
2341	2340	
2341	2567	
2567	2341	
2347	2441	
2441	2347	
2347	2464	
2464	2347	
2348	2349	
2349	2348	
2348	2485	
2485	2348	
2349	2492	
2492	2349	
2349	2593	
2593	2349	
2350	2351	
2351	2350	
2356	2623	
2623	2356	
2357	2649	
2649	2357	
2358	2360	
2360	2358	
2359	2361	
2361	2359	
2360	2428	
2428	2360	
2360	2445	
2445	2360	
2361	2429	
2429	2361	
2361	2446	
2446	2361	
2362	2365	
2365	2362	
2363	2364	
2364	2363	
2364	2431	
2431	2364	
2364	2448	
2448	2364	
2365	2430	
2430	2365	
2365	2447	
2447	2365	
2377	2649	
2649	2377	
2378	2381	
2381	2378	
2379	2380	
2380	2379	
2382	2385	
2385	2382	
2383	2384	
2384	2383	
2386	2445	
2445	2386	
2387	2446	
2446	2387	
2388	2447	
2447	2388	
2389	2448	
2448	2389	
2390	2414	
2414	2390	
2390	2549	
2549	2390	
2391	2393	
2393	2391	
2392	2394	
2394	2392	
2395	2411	
2411	2395	
2396	2410	
2410	2396	
2397	2413	
2413	2397	
2398	2412	
2412	2398	
2399	2400	
2400	2399	
2406	2429	
2429	2406	
2407	2428	
2428	2407	
2408	2431	
2431	2408	
2409	2430	
2430	2409	
2414	2603	
2603	2414	
2418	2592	
2592	2418	
2419	2420	
2420	2419	
2419	2510	
2510	2419	
2426	2460	
2460	2426	
2426	2584	
2584	2426	
2427	2435	
2435	2427	
2432	2464	
2464	2432	
2433	2482	
2482	2433	
2433	2486	
2486	2433	
2434	2483	
2483	2434	
2434	2487	
2487	2434	
2435	2652	
2652	2435	
2436	2471	
2471	2436	
2437	2470	
2470	2437	
2438	2474	
2474	2438	
2439	2475	
2475	2439	
2452	2655	
2655	2452	
2453	2454	
2454	2453	
2453	2501	
2501	2453	
2454	2636	
2636	2454	
2455	2456	
2456	2455	
2455	2491	
2491	2455	
2456	2657	
2657	2456	
2457	2636	
2636	2457	
2458	2459	
2459	2458	
2459	2466	
2466	2459	
2459	2621	
2621	2459	
2461	2477	
2477	2461	
2461	2651	
2651	2461	
2462	2463	
2463	2462	
2462	2614	
2614	2462	
2465	2490	
2490	2465	
2465	2650	
2650	2465	
2466	2633	
2633	2466	
2467	2583	
2583	2467	
2468	2470	
2470	2468	
2468	2574	
2574	2468	
2468	2629	
2629	2468	
2469	2471	
2471	2469	
2469	2575	
2575	2469	
2472	2475	
2475	2472	
2472	2579	
2579	2472	
2473	2474	
2474	2473	
2473	2578	
2578	2473	
2476	2477	
2477	2476	
2476	2657	
2657	2476	
2478	2479	
2479	2478	
2480	2481	
2481	2480	
2482	2547	
2547	2482	
2483	2548	
2548	2483	
2484	2485	
2485	2484	
2484	2625	
2625	2484	
2486	2563	
2563	2486	
2487	2562	
2562	2487	
2488	2489	
2489	2488	
2490	2588	
2588	2490	
2491	2651	
2651	2491	
2492	2493	
2493	2492	
2493	2591	
2591	2493	
2499	2508	
2508	2499	
2500	2509	
2509	2500	
2506	2551	
2551	2506	
2507	2565	
2565	2507	
2510	2511	
2511	2510	
2516	2542	
2542	2516	
2517	2543	
2543	2517	
2518	2544	
2544	2518	
2519	2545	
2545	2519	
2520	2524	
2524	2520	
2520	2532	
2532	2520	
2521	2526	
2526	2521	
2521	2534	
2534	2521	
2522	2525	
2525	2522	
2522	2533	
2533	2522	
2523	2527	
2527	2523	
2523	2535	
2535	2523	
2528	2532	
2532	2528	
2529	2533	
2533	2529	
2530	2534	
2534	2530	
2531	2535	
2535	2531	
2536	2546	
2546	2536	
2537	2650	
2650	2537	
2549	2564	
2564	2549	
2549	2648	
2648	2549	
2550	2551	
2551	2550	
2552	2622	
2622	2552	
2553	2554	
2554	2553	
2554	2637	
2637	2554	
2555	2556	
2556	2555	
2556	2638	
2638	2556	
2557	2558	
2558	2557	
2558	2639	
2639	2558	
2559	2600	
2600	2559	
2559	2601	
2601	2559	
2560	2563	
2563	2560	
2561	2562	
2562	2561	
2566	2567	
2567	2566	
2569	2582	
2582	2569	
2573	2583	
2583	2573	
2573	2604	
2604	2573	
2574	2577	
2577	2574	
2575	2576	
2576	2575	
2578	2580	
2580	2578	
2579	2581	
2581	2579	
2582	2585	
2585	2582	
2584	2615	
2615	2584	
2584	2648	
2648	2584	
2587	2588	
2588	2587	
2587	2654	
2654	2587	
2589	2590	
2590	2589	
2589	2632	
2632	2589	
2590	2647	
2647	2590	
2591	2635	
2635	2591	
2594	2595	
2595	2594	
2596	2597	
2597	2596	
2598	2599	
2599	2598	
2601	2631	
2631	2601	
2605	2640	
2640	2605	
2606	2641	
2641	2606	
2607	2642	
2642	2607	
2608	2643	
2643	2608	
2612	2613	
2613	2612	
2613	2621	
2621	2613	
2614	2619	
2619	2614	
2618	2647	
2647	2618	
2619	2632	
2632	2619	
2619	2633	
2633	2619	
2620	2621	
2621	2620	
2623	2630	
2630	2623	
2624	2625	
2625	2624	
2626	2627	
2627	2626	
2628	2629	
2629	2628	
2634	2648	
2648	2634	
2635	2652	
2652	2635	
2636	2655	
2655	2636	
2637	2644	
2644	2637	
2638	2645	
2645	2638	
2639	2646	
2646	2639	
2649	2656	
2656	2649	
2650	2654	
2654	2650	
2651	2657	
2657	2651	
2652	2653	
2653	2652	
