3.815281107828507	3.539943809948502	
5.107648586313863	5.879886139056401	
0.4032991681231842	5.107648586313861	
5.879886139056399	1.175536720865729	
1.17553672086573	0.4032991681231861	
5.574323043704714	2.786877487711525	
2.790121713401583	0.7145711278732566	
3.731597520548601	4.0377244498099	
5.662486789591088	2.81421061885656	
2.814210618856556	0.6206985175884958	
1.88596587093097	4.098382602440192	
2.153054184228328	2.687468569877369	
3.928428741401819	3.566367155771454	
4.177874768426025	4.125199540753561	
2.620980357187155	4.730743037111322	
1.552442270068259	2.620980357187164	
3.662361077736548	1.55275236628552	
3.613621234199309	5.518558098355978	
0.7647457086674602	3.61394268279949	
4.568692513118085	5.692741852348601	
0.5904434548309841	4.568692513118083	
5.692741852348573	1.71449279406151	
1.714492794061514	0.5904434548310128	
3.617493521899043	2.202213651143022	
2.296800740367782	3.697635199449555	
2.194016598868407	2.602366558873044	
1.301884416123676	4.854274013224265	
4.854340899362613	4.981439205401012	
1.428914868255023	1.301911929920723	
4.981273377258864	1.428914868255022	
5.116569297147247	2.391113831765899	
2.392141615559838	1.161160784698397	
3.957854137154546	5.738383072220866	
0.5448443847063905	3.957959267002774	
5.738343809877981	2.325795876919578	
2.325795876919579	0.5448414973016044	
5.534985713635238	2.680984134073711	
2.684228359763769	0.7539084579427318	
1.862772822593226	4.18797164589684	
2.397165561387554	3.653654900606439	
3.506544492889325	5.563211857483487	
0.7200919495399519	3.506865941489508	
6.037646659290515	5.33133305159814	
0.9518522555814369	6.037646659290514	
0.2455386478890746	0.9518522555814365	
5.331333051598151	0.2455386478890731	
4.350973306877095	2.635846680495904	
4.282926122871223	2.547254717573954	
2.519388513612914	4.707421999707764	
1.575763307471818	2.519388513612922	
3.763796793566663	1.575763307471818	
4.237737775440117	5.062155707828788	
4.238629222378312	4.972802192057511	
0.1421753019773933	5.75150829089413	
5.751508290894129	6.141010005202194	
6.141010005202194	0.5316770162853374	
0.5316770162853413	0.1421753019773917	
0.5369121069002727	6.134669430880386	
6.13466943088039	5.746273200279312	
5.746273200279309	0.1485158762991959	
0.1485158762991975	0.536912106900279	
3.612140025996672	6.037138420585175	
0.2461560999274899	3.612412425756212	
6.022470086823559	2.679911918484743	
2.679911918484739	0.260715220356026	
0.3940601772795608	5.206947320902759	
5.206947320902766	5.88912512990003	
5.88912512990002	1.076237986276831	
1.076237986276831	0.3940601772795641	
4.501768379250884	4.089725126642958	
2.402727784676105	4.796430259600677	
2.411639335048831	4.921707805590047	
1.486755047578905	2.402727784676112	
3.880457522503472	1.486755047578905	
1.361477501589535	2.411639335048838	
3.871545972130746	1.361477501589535	
4.123670806267397	3.053313354933232	
4.241437650859535	3.069140715490225	
4.137860004369411	5.616517334195982	
0.6666739943761242	4.137875022919157	
5.616603861306444	2.145749192070457	
2.145749192070458	0.6665814458731418	
5.256658001583089	3.06116572189341	
4.101528519429662	5.53717377964884	
0.7465224653963832	4.100979271514665	
5.536622469472317	2.182720465145806	
2.182726822175	0.7465554409508046	
3.255351697992115	4.887694502136955	
3.029053147832979	1.397429289131329	
5.954217633066698	4.695524695819832	
1.587660611359749	5.954217633066698	
5.955818965987732	4.58405432159026	
1.699130985589321	5.955818965987733	
0.3289676741128886	1.587660611359746	
4.695524695819838	0.328967674112888	
0.3273663411918558	1.699130985589318	
4.584054321590266	0.3273663411918559	
3.520053897837658	5.25531892069632	
1.027803534275189	3.520099431568505	
2.552444685203385	5.485710401560924	
5.48558238975239	3.729988485883094	
0.797474905618661	2.55244468520339	
3.730740621976193	0.7974749056186624	
2.95282642141514	3.069402577884812	
3.904481978338146	4.624545582382562	
4.002379498092991	4.560028267454094	
3.320467045207572	5.449634243753952	
0.8334559600252311	3.32052437530782	
5.464586486413492	2.981389834029209	
2.964369929397372	0.8367110910293502	
5.36651708721265	3.069867346154606	
2.221151735440034	3.952576475911549	
2.24504993749481	2.964388004807493	
2.073717932736138	2.197231197220005	
4.099828438715734	2.064333385911669	
1.958851842980707	2.165015764900554	
4.126270170638853	1.950747989474335	
3.089176783910823	4.357222260124087	
1.925265568521446	3.090193297344494	
4.449239437379924	4.013757508198696	
5.947893692085231	5.282056578820251	
1.001128728359326	5.947893692085232	
0.3352916150943573	1.001128728359325	
5.282056578820264	0.3352916150943555	
1.48103556364241	5.59006022142447	
5.590060221424476	4.80214974353717	
0.6931250857551025	1.481035563642418	
4.802149743537169	0.6931250857551048	
3.634044447928126	4.066816516581508	
2.765027938848643	1.027622890368948	
5.476717527495198	5.681347758652032	
0.6018375485275539	5.476717527495193	
0.8064677796843953	0.601837548527547	
5.681347758652039	0.8064677796843924	
3.817400742285853	3.014492538900889	
2.311152065013604	3.984532512362354	
1.16793964645088	3.894492868875585	
3.894793694581469	5.11545128238366	
5.524277469338079	4.979361590937697	
1.303823716241892	5.524277469338071	
0.7589078378415036	1.303823716241899	
4.979361590937686	0.7589078378415063	
3.773378455223913	2.915126863355763	
1.089818592636283	3.447562306843703	
5.223111120779748	2.343563357958558	
2.343896762301004	1.058216855321584	
1.280370679155433	3.255834968216625	
0.2818452147480771	5.278608129710421	
5.27860812971043	6.001340092431514	
6.001340092431503	1.004577177469184	
1.004577177469184	0.2818452147480818	
2.815010188762412	4.516671708447919	
1.771892945806768	2.81664991940565	
4.991907777795639	2.730784410813235	
3.920627107377874	3.014148739776976	
2.821614956316204	4.414745984114485	
1.870253511467932	2.82801522681135	
5.594931291422218	4.925224017571021	
1.357961289608565	5.594931291422207	
0.6882540157573631	1.357961289608573	
4.925224017571012	0.688254015757366	
3.446776607292276	5.193076779926112	
2.836700238751139	1.090253714337683	
4.590290540198821	3.500177606943019	
3.044275766586908	3.110750050761519	
3.988785944838267	4.214747897348188	
0.308428583411214	5.365394163590864	
5.365394163590871	5.974756723768377	
5.974756723768373	0.9177911435887437	
0.9177911435887438	0.3084285834112124	
2.770288323940282	5.777513789726655	
5.777513789726646	3.512896983239302	
0.5056715174529355	2.770288323940293	
3.512896983239292	0.5056715174529354	
2.79349899238586	5.877151750441637	
5.877151750441628	3.489686314793724	
0.4060335567379526	2.793498992385872	
3.489686314793712	0.406033556737952	
2.244807222781505	3.075950361824197	
4.594251648655671	4.086890984992658	
2.140620422159464	3.533054292926713	
2.010074256043616	3.518002409118368	
3.652957185806251	2.110955719013015	
3.250863598733295	5.000284417374463	
3.032321708446285	1.282900889805124	
1.332327676556933	4.554100415790706	
1.061260959959693	3.942009409802536	
3.942344168388809	5.221993106016162	
2.340722344177415	3.258834090222628	
2.575078297314572	1.930433825715846	
4.524808903193756	4.951198904955975	
4.952295372882347	1.724197899565784	
1.724197899565786	1.330889934297242	
3.807422539183708	2.319118655563232	
4.825871084142544	4.643254955665078	
4.934351237335087	4.604807463389342	
6.169889191785987	3.535948009953317	
2.747237297226262	6.169889191785987	
0.1132961153935981	2.747237297226272	
3.535948009953314	0.1132961153935977	
2.472631940066288	1.965717347169508	
3.696759801794561	3.692852994903446	
4.958129183287157	5.584888040494284	
0.6982969016124639	4.958128966137136	
1.325056123892429	0.6982972666853127	
5.584888040494265	1.325056123892426	
4.962915703226571	3.718126603641644	
1.303683320364519	5.727022434795274	
5.727022434795283	4.979501986815071	
4.979501986815063	0.556162872384303	
0.5561628723843015	1.303683320364523	
3.430486863048727	5.455157661960087	
0.8279777982201193	3.430569626220944	
0.1422287047278585	3.778504104168481	
3.778504104168479	6.140956602451728	
6.140956602451731	2.504681203011098	
2.504681203011097	0.1422287047278578	
3.696176958745219	2.31805778974348	
2.189244025289323	2.016717743756445	
2.16966228731405	2.132820641727911	
5.416662029015377	4.151012200608378	
5.465320391697895	2.870775533935984	
2.859794596782386	0.8317394791838745	
4.11561055174688	4.603287034559074	
2.45478505027251	5.44458365221967	
5.448434953000986	3.828732609496833	
0.8386016549599156	2.454785050272514	
3.828400256907071	0.838601654959917	
4.277081276098295	2.169052620297301	
4.16851851973081	2.161142021811753	
2.968965424509622	2.879078885351067	
2.918232322060754	2.95520105129449	
3.166905191542253	2.444984101170584	
4.778463346762416	5.573311938302216	
0.7098714238837257	4.778462002766355	
5.573311938302195	1.504721960417169	
1.504721960417169	0.7098733688773882	
1.219324211280111	5.754008596141301	
5.754008596141304	5.063861095899479	
5.063861095899475	0.5291767110382833	
0.5291767110382831	1.219324211280112	
3.164138122402997	4.378547542397634	
1.903940286247898	3.165154635836668	
4.493605227472339	5.773691481712926	
0.5094938254666579	4.493605227472337	
5.773691481712894	1.789580079707257	
1.78958007970726	0.5094938254666904	
2.463107327120628	2.051439766421817	
2.885454868939009	3.559590296258496	
3.077661989221516	4.040755388719431	
4.065578004963539	4.268269842883601	
1.281923752987919	4.747358760885042	
4.747408248650594	5.001295957617904	
1.535847518967043	1.28205517770383	
5.001130129475757	1.535847518967042	
2.343196600923759	5.592697457546419	
5.599190113029982	3.935304675070899	
0.6904878496331683	2.343196600923764	
3.939988706255821	0.6904878496331692	
3.720245031741113	3.600178827192471	
5.462702977823678	4.073723889158404	
3.068974496298674	3.499670709786794	
3.097935071402221	3.601004362730828	
0.1373005373147422	3.680879087830772	
3.680827552741127	6.145905431846779	
2.601286599660752	0.1382010688142447	
6.144984238365342	2.601286599660754	
2.251420697808661	5.617609732681053	
5.621562736490105	4.0275944349733	
0.6655755744985289	2.251420697808663	
4.031764609370922	0.6655755744985279	
1.419103327499972	4.890148924595547	
4.890217290187363	4.864229129987205	
1.393038477430277	1.419122005334527	
4.86406330184506	1.393038477430274	
3.238764689777495	2.412584184766698	
4.774725852360824	5.676901236557509	
0.6062840706220789	4.774725852360826	
5.676901236557477	1.508459454818768	
1.508459454818773	0.6062840706221079	
1.495797492981095	5.691821164726796	
5.6918211647268	4.787387814198484	
0.5913641424527784	1.4957974929811	
4.787387814198485	0.5913641424527795	
2.328472498771545	2.920646419492079	
2.778728623597936	3.548473432528254	
2.307903047759361	5.01020705987465	
1.272978247304932	2.307903047759366	
3.975282259420217	1.272978247304932	
3.251396683533747	4.159521196361462	
3.160654902309424	2.540427270072789	
3.060063776021109	4.247659318271325	
2.034828510374206	3.061080289454779	
4.875134272155809	5.528194655362842	
0.7549883417502582	4.875132711009727	
1.408051035023774	0.754990651816757	
5.528194655362826	1.408051035023774	
3.809434855221325	4.106517024569374	
3.357858892564328	4.851456964570731	
2.928031482261149	1.434617170022005	
2.491823089382399	1.193327248968634	
0.05755899050896582	4.215869849173363	
4.215869849173361	6.22562631667062	
6.225626316670621	2.067315458006419	
2.067315458006419	0.05755899050896391	
6.216206176314502	3.633900824062451	
2.649284483117134	6.216206176314503	
0.06697913086508132	2.649284483117138	
3.633900824062447	0.06697913086508131	
4.080045790113584	5.712864708669578	
0.5703318886209894	4.080073949894357	
5.712946327987182	2.203621494688109	
2.20362149468811	0.570238979192405	
5.032395466391236	3.053675438845214	
4.557997254270677	2.564520315065589	
4.468591648499504	2.644778152892395	
3.703861090277339	5.561913747179175	
0.7214035392903241	3.704190272858111	
4.329647496500232	4.720385083018833	
4.720234670788131	2.35962638543111	
4.616534263171054	2.352407109227261	
4.286098053782436	4.113428987510016	
5.414190977584766	5.600973466645132	
0.6822118405344537	5.414190977584762	
0.8689943295948265	0.6822118405344516	
5.600973466645131	0.8689943295948241	
4.151609010128799	4.228656121331433	
2.195483949516706	4.972651556213818	
1.310533750965763	2.195483949516711	
4.087701357662872	1.310533750965763	
4.243931000102499	4.736793082325186	
3.51786391544313	6.065188254650195	
0.218121024420994	3.518173125980987	
6.049006101565818	2.773536884392078	
2.773536884392073	0.2341792056137683	
1.38809827232431	3.263696002355826	
2.428772820431154	3.307649423530443	
5.933691742127022	2.654701821642581	
2.654701821642577	0.3494935650525619	
4.313111342188436	2.986488822144987	
6.036067944099334	5.552609966645726	
0.7305753405338542	6.036067944099332	
0.2471173630802553	0.7305753405338571	
5.55260996664573	0.247117363080254	
4.097175150716007	2.963816857716875	
3.634690595867562	5.945305983807365	
2.709314454398023	4.55366417749535	
1.734909973171315	2.709894159939092	
3.57365445080205	1.738309233800646	
4.51898861607374	5.072314073561394	
1.731527188655346	1.212205394237179	
5.070979912942408	1.731527188655345	
2.116271715726832	3.26104237296139	
3.315607359968408	3.358052309873612	
1.663256322811139	6.214030331147708	
0.06915497603187812	1.663256322811137	
6.214030331147709	4.619928984368446	
4.619928984368448	0.06915497603187842	
0.3379891615507761	3.634865098778985	
3.59107349068665	3.096829141307543	
3.67294313247401	3.182978121591832	
5.776550836437566	5.923179406813886	
0.3600059003656992	5.776550836437568	
0.5066344707420154	0.3600059003656967	
5.923179406813889	0.5066344707420111	
2.089334341706855	4.662288139428187	
1.619607933210014	2.085737789549403	
4.197447517630183	1.619607933210014	
1.523228403998719	4.154539978418627	
5.076614015936564	2.800447086196087	
2.011842120695631	3.316690948052887	
4.019155346930672	3.462370199697328	
3.178382823163362	6.031749674521031	
0.2514356326585581	3.178382823163371	
6.031749674521025	3.104802484016222	
3.104802484016211	0.2514356326585578	
2.101419797688695	4.342088572015167	
1.979443333151279	4.075388693382474	
4.147052819754244	5.272021052934858	
5.270002424494581	2.147322736269812	
2.147322736269808	1.013182882685006	
3.245808158118543	3.432296864041772	
3.745374967714329	5.668230259044588	
0.6151192983254762	3.745784640335149	
3.154323874633369	5.80567658902348	
5.807246345249633	3.126848372264538	
0.4775084776508153	3.154324264934099	
3.126778236181644	0.4759191907606992	
5.086833092449275	2.485904253865684	
1.211544465438226	4.551341197557577	
5.211010668745877	2.958666997925844	
3.875177453711363	5.657752170800427	
0.625491124948263	3.875322088728308	
3.182905220403112	5.713500154869583	
5.714122612009091	3.099450386277111	
0.5696795363322557	3.182908393467724	
3.097973960640504	0.5684200446711322	
3.675885128071915	3.407102916523216	
1.637784673288865	4.828153432776463	
1.674223209114583	4.937104133973227	
4.645397923983107	1.455029284651623	
1.455029284651628	1.63778738319648	
1.346080897700882	1.674223497402631	
4.608961809776954	1.346080897700878	
5.939036194702047	5.579955049948097	
0.703230257231483	5.939036194702047	
5.579955049948103	0.3441491124775383	
0.34414911247754	0.703230257231483	
5.659796848017757	2.409672676223448	
2.409685136000668	0.6233739615191582	
1.38401929289098	4.457489685310768	
4.612062335337059	3.596826806219442	
5.102742702985297	6.183103509877696	
0.1000817973018901	5.102742702985296	
6.183103509877681	1.180442604194293	
1.180442604194294	0.1000817973019055	
6.186793420700242	5.103616653679041	
1.179568653500543	6.186793420700242	
0.0963918864793465	1.179568653500542	
5.103616653679044	0.09639188647934586	
4.594352174769996	4.701918776814515	
2.293126011883234	4.734583042621345	
2.169797474685712	4.766260906024188	
1.548445906685305	2.292444768951588	
1.516768043282462	2.169116231754063	
3.990740538227997	1.548445906685306	
4.114069075425521	1.516768043282462	
5.006945386405956	6.223219027824117	
0.05996627935546889	5.006945386405957	
6.22321902782411	1.276239920773731	
1.276239920773731	0.05996627935547635	
1.276915665858022	6.22377370874752	
6.223773708747522	5.006269641321563	
0.05941159843206639	1.276915665858021	
5.006269641321564	0.05941159843206613	
1.010102967436513	4.139415479557645	
4.656304056246899	4.198411964005285	
3.253048138737515	6.157006944964722	
6.15700694496472	3.03013716844207	
0.1261783622148658	3.253048138737522	
3.030137168442061	0.1261783622148658	
3.266904817559764	3.966283232899011	
4.421037595969108	4.884591938734053	
5.679365500045154	2.545715765457973	
2.545728225235191	0.6038053094917597	
5.575658339638519	2.589595764253906	
2.589608224031124	0.7075124698983951	
5.820775275560433	6.022766884138975	
0.2604184230406108	5.820775275560436	
0.4624100316191369	0.2604184230406099	
6.022766884138975	0.4624100316191321	
4.137864167499597	3.469982933704686	
4.198518170875905	3.567141729205126	
5.150400431546618	4.148477104127685	
3.268019997282051	1.706548768865309	
2.966839178975058	4.032198945651609	
5.018628107587351	2.641790618547172	
5.146546345403802	4.509057086081889	
5.248661076131446	4.452500072303131	
4.861816562316414	2.774832695771885	
0.5722077248341444	4.968167918133502	
4.968167918133502	5.710977582345443	
5.710977582345431	1.315017389046082	
1.315017389046084	0.5722077248341481	
1.943062298287278	3.260241971988592	
5.648746803178274	6.143472999268955	
0.1397123079106303	5.648746803178276	
0.6344385040012153	0.139712307910641	
6.143472999268944	0.6344385040012126	
0.6448270219283518	6.148879276405873	
6.148879276405873	5.638358285251231	
0.134306030773714	0.6448270219283542	
5.638358285251233	0.1343060307737129	
4.661342603755484	2.951123507121308	
3.114978851396887	2.750510910791819	
5.944271790755147	4.368175999767703	
1.915009307411879	5.944271790755144	
0.3389135164244441	1.915009307411878	
4.368175999767706	0.3389135164244437	
4.075949191539459	5.19821193957311	
5.198231500256997	2.22001229350094	
2.218909733438299	1.084767300166749	
4.70145697301739	5.484876828952551	
0.7982968082651701	4.701448909041034	
4.765360788750839	5.382199688876923	
0.9009739483407978	4.765352724774485	
1.581728334162195	0.7983084782270568	
5.484876828952527	1.581728334162196	
1.517824518428742	0.9009856183026814	
5.382199688876905	1.517824518428744	
1.647399832708832	4.128463865281695	
5.044826795436142	2.890233272585285	
2.232520778405711	3.447577299043837	
2.217574768849981	3.324971069463649	
2.671047798308314	4.094597285812678	
3.792641065026033	5.085641997915064	
1.197089258843648	3.792987296430776	
2.604218344534714	4.001103069656219	
3.486048143808161	5.674235206766224	
0.6090977571514816	3.486399853171264	
4.788360147159876	2.709174621025936	
3.8225252732017	2.788365188707782	
1.08438995557064	4.069730905218482	
2.197485455808104	4.321906340081778	
2.124497225345859	5.040886130809207	
1.242299176370374	2.124497225345862	
4.158688081833722	1.242299176370374	
4.350692751374277	2.080407884827712	
2.101668847965846	1.938029198681047	
0.09891544983564431	4.120195685864961	
4.120195685864962	6.184269857343942	
6.184269857343944	2.162989621314612	
2.162989621314614	0.09891544983564281	
4.900499805253194	1.817578325853159	
1.81733542613049	1.382670758350429	
2.854883311354692	2.627430556459344	
2.8589372673712	2.535606502616933	
3.245222896139458	5.962185425636526	
0.3209998815430619	3.245222896139468	
5.962185425636522	3.037962411040124	
3.037962411040114	0.3209998815430617	
3.349693905185207	1.761888921814895	
0.1214376355254584	3.024824928916377	
3.258360378263207	0.121437635525458	
3.024824928916367	6.161747671654128	
6.161747671654127	3.258360378263217	
2.485135343056774	2.510860337262955	
2.503422212556301	3.997698788665958	
3.322225693645941	3.894368485459385	
3.69813400504552	5.75722992812834	
1.750703269778344	6.162575811793156	
6.162575811793156	4.532482037401238	
0.1206094953864322	1.750703269778342	
4.532482037401243	0.1206094953864327	
2.865782108328044	5.180428263934223	
1.102922923128389	2.866029855448774	
3.417403198851534	1.102757043245361	
0.4684396056089069	6.219887696219522	
6.219887696219524	5.81474570157068	
0.06329761096006215	0.4684396056089112	
5.814745701570675	0.06329761096006119	
0.05734502269395367	5.816615380163327	
5.816615380163324	6.225840284485632	
6.225840284485632	0.4665699270161195	
0.4665699270161211	0.0573450226939533	
1.985871913568132	5.417227630410775	
0.8659576767688052	1.985871913568128	
4.297313393611461	0.8659576767688043	
0.5261198085292427	3.69844466950812	
3.979883221934353	5.925655262149269	
0.3575353137487746	3.979896363165385	
5.925650354356397	2.303360173607034	
2.303360173607036	0.3575349528231896	
3.790170142323722	3.412162978990678	
3.912089706233856	5.849192327561997	
0.4340305192366093	3.912183337504939	
5.849253919287315	2.371166274163242	
2.371166274163242	0.433931387892271	
3.428086655904767	4.083824825917545	
3.318723921864213	4.074693878249117	
2.297014017213542	3.802240611443108	
3.206667399972974	0.04992914215322649	
0.0499291421532265	3.076517907206611	
6.233256165026358	3.20666739997298	
3.076517907206607	6.233256165026361	
2.868476451586533	4.210032472882146	
2.948697849593458	4.267175509802568	
2.063987960810433	2.876131906807117	
2.012444638704746	2.953458389445364	
5.059267639243945	5.99098865555765	
0.2921966516219342	5.059267639243942	
5.990988655557642	1.22391766793566	
1.223917667935661	0.292196651621944	
1.217006702439426	6.002911234604893	
6.002911234604889	5.066178604740155	
5.066178604740165	0.2802740725746969	
0.2802740725746988	1.217006702439422	
3.31759335832286	1.948114229997448	
5.774259533347473	2.77349093198737	
2.773490931987366	0.5089257738321111	
1.966084349801139	3.433503768815696	
6.06858746941279	3.514331651282204	
2.768853655897375	6.068587469412789	
0.2145978377667957	2.768853655897387	
3.514331651282197	0.2145978377667951	
3.13297124774655	3.413528802114383	
3.482873780896479	4.163036128620394	
2.595919802485584	2.537680563687177	
2.594028924927077	1.150681960633186	
1.92580107305768	2.06728101738006	
4.222946267390455	1.919021748953317	
2.133367221084038	4.553065395320436	
1.726991908732103	2.121759252050354	
4.161426055129231	1.726991908732102	
2.644913589058107	4.18376725213654	
3.204800607607646	3.631643353595404	
3.351795735221418	6.148459892687617	
0.1347401730504949	3.351832545999737	
6.146946073364854	2.930738427311956	
2.930738427311953	0.1362392338147328	
5.768419035961396	2.587967842155304	
2.587967842155302	0.514766271218186	
5.969423432839985	3.578697505663195	
2.704487801516391	5.96942343283999	
0.3137618743395972	2.704487801516401	
3.578697505663183	0.3137618743395971	
2.596894166980249	5.955765973279673	
5.955765973279663	3.686291140199339	
0.327419333899917	2.596894166980257	
3.686291140199327	0.3274193338999175	
2.468406303853775	4.209123107369916	
3.081059307241775	6.036490401210437	
0.2466949059691504	3.081059307241786	
6.036490401210434	3.202125999937809	
3.202125999937796	0.2466949059691501	
5.815821949380619	2.697021507719861	
2.697021507719857	0.4673633577989614	
3.382471563483701	3.572390414428547	
2.54994369558845	4.239891934087043	
5.032189993405221	5.529911738204722	
0.7532732039020262	5.032189776255202	
1.250995313774366	0.7532735689748745	
5.529911738204705	1.250995313774362	
4.109552928255014	2.801969690962569	
2.795769291671621	4.898361536579539	
1.384831197541808	2.795780066446428	
3.486399107034566	1.388092357938385	
3.75188208648216	3.768911268066585	
3.085999180340345	5.011832077602095	
3.197633632013944	1.270729608569868	
3.20554812838468	1.759495467759202	
0.5890842453138683	5.74844364143367	
5.748443641433669	5.694101061865716	
0.5347416657459185	0.5890842453138609	
5.694101061865728	0.5347416657459164	
2.653036270812092	4.823652935721947	
1.459532371457634	2.653036270812103	
3.630305164111609	1.459842467674896	
3.158779266945978	3.049245318932003	
3.176280507873049	2.944309927493995	
2.803868499228582	5.511931334607947	
5.511842979552048	3.479176432666993	
0.7712553883650456	2.803872142375782	
3.479319315949394	0.7712587709614612	
2.773277338048302	5.598415516774889	
5.598535799032224	3.509997980845625	
0.6847712061981063	2.773280981195503	
3.509910477129672	0.6847745887945214	
3.689740850029863	5.131885180506201	
1.772096273871595	5.14742662500687	
1.834004034594511	5.247075529263454	
1.135758682172713	1.772096273871598	
4.511089033307986	1.135758682172713	
1.036109777916127	1.834004034594513	
4.449181272585069	1.036109777916128	
4.325573379225189	5.55543801818102	
0.7276535242613211	4.325206528910101	
5.555464514965315	1.958009485310228	
1.958009485310227	0.7277207922142716	
3.20506736067554	2.719824781067178	
2.830812432628723	5.089665905626568	
1.193589214805598	2.830913715511828	
3.451219354301354	1.196516654701252	
0.528671813512526	5.060718027980674	
5.060718027980674	5.754513493667064	
5.754513493667056	1.222467279198911	
1.222467279198914	0.5286718135125259	
4.159117906125906	2.723017623156769	
2.609613743330189	3.623573521024489	
1.150709213393826	3.690053148554214	
5.105598496727887	2.968797494422478	
3.166488453938315	5.060050759061948	
3.116715023508825	1.223114494745583	
3.59379010142708	2.986613279789405	
3.66740664515657	2.916144447976873	
2.802149794556798	3.796144554539009	
4.695909449713917	1.673903249032139	
1.673903249032145	1.587275857465671	
0.1891285226894098	5.129619198078584	
5.129619198078585	6.094056784490174	
6.094056784490157	1.153566109101037	
1.153566109101039	0.189128522689428	
6.101475334644927	5.132468785392289	
1.150716521787291	6.101475334644928	
0.1817099725346635	1.15071652178729	
5.132468785392297	0.1817099725346618	
1.588880339163211	4.60281386106663	
4.497450505537444	4.716640116700761	
5.043941830998478	2.118010651381124	
2.12150835129821	1.240861749225775	
5.580214722362596	5.659136152874526	
0.6240491543050595	5.58021472236259	
5.659136152874536	0.7029705848169965	
0.7029705848169991	0.624049154305051	
4.617681594418784	4.277983935619015	
1.270867695681082	3.088518439775128	
4.944623319079541	3.022111935077423	
4.286131458743277	5.730907622791118	
0.552279095652337	4.286134978715873	
0.651604370274884	4.270834054088025	
4.270830534115432	5.631582348168572	
1.997083704019579	0.552090303209823	
5.731095003969762	1.997083704019579	
5.631769729347225	2.012384628647421	
2.012384628647422	0.6514155778323627	
5.780031106142416	4.89698023980839	
1.386205067371193	5.780031106142413	
4.896980239808392	0.5031542010371644	
0.5031542010371644	1.386205067371194	
1.222298387412522	3.170073612280853	
5.04955304079358	3.152469708208232	
2.463452024854427	2.42405838550907	
4.068471604605765	3.250421827248679	
4.038644473804463	3.141398600723861	
1.963928639180324	3.719632201892165	
1.930586040186814	3.621479065560435	
2.350490693686604	1.817265695220147	
0.5253118117102914	4.881435512600563	
4.881435512600564	5.757873495469294	
1.401749794579032	0.5253118117103116	
5.757873495469274	1.401749794579028	
4.311096081609016	5.119539826893551	
5.943837487782614	4.268640399631429	
2.01454490754815	5.943837487782613	
0.3393478193969735	2.014544907548151	
4.268640399631435	0.3393478193969738	
3.24801570664076	5.870803666349762	
0.4123816408298215	3.24801570664077	
5.871568309585539	3.032207315168383	
3.032207315168375	0.4116169975940413	
3.391554657330181	4.751317835937818	
2.894335717495297	1.534756298654919	
5.368444528658718	5.354950430789316	
0.9282348763902715	5.368444528658718	
0.9147407785208685	0.9282348763902759	
5.35495043078931	0.9147407785208671	
2.52236423746551	3.700502095514324	
2.54447917115591	3.791739780160738	
2.187066876230766	5.881622152921311	
5.881622152921304	4.096118430948818	
0.4015631542582821	2.187066876230768	
4.096118430948815	0.4015631542582843	
4.600303896337211	5.488310650462134	
0.7948493718000794	4.600286424388445	
5.488310650462104	1.682881410842376	
1.682881410842375	0.7948746567174799	
3.897898222662806	5.322787615892126	
3.790504612269952	5.368605624054242	
0.9603738419577618	3.89792463540203	
0.9145558337956425	3.790531025009177	
5.128469575822358	2.584187220272213	
1.61075883791212	5.027730069916392	
5.027675504560548	4.671206778207334	
1.255455237263195	1.610758837912126	
4.672426469267459	1.255455237263192	
4.496478783980788	3.456635031575031	
3.409062020754627	1.707356530671254	
5.051229410640842	5.038893734686382	
5.129952918750387	5.121456490338094	
1.161727344181077	5.129953165325966	
1.244290099832788	5.051229657216419	
1.231955896538741	1.244291572493216	
5.038893734686369	1.23195589653874	
1.153232388429197	1.161728816841504	
5.121456490338081	1.153232388429195	
6.155069784142991	3.748113793212149	
2.535071513967436	6.155069784142994	
0.1281155230365927	2.53507151396744	
3.748113793212145	0.1281155230365929	
3.982001449491955	3.347750649881471	
5.134983516004102	4.620062337797513	
1.661903278321941	5.135038081359943	
1.148147225819641	1.661903278321946	
4.621282028857639	1.148147225819641	
2.006781046619701	2.688818195170488	
1.948681850452919	2.589621031479462	
6.233256165026358	3.07576770607342	
3.207417601106167	6.23325616502636	
0.04992914215322645	3.207417601106171	
3.075767706073413	0.04992914215322639	
3.912862339584753	4.268317334775838	
1.763043038696522	3.797356628595753	
4.520160566270525	5.582551861761777	
0.7006178854686553	4.520149814302052	
5.582551861761743	1.763024740909064	
1.763024740909063	0.7006334454178405	
2.031669836316819	5.325024351036313	
0.9581609561432686	2.031669836316818	
4.251515470862767	0.9581609561432691	
5.371344246785038	2.49508134970253	
5.322850387645958	2.385309033095028	
2.496604532548157	0.9100687525734478	
2.386832215940653	0.9585626117125288	
3.288676942876092	3.549077762578761	
2.567225707994316	1.826098148334583	
4.087530439262546	6.090749227452022	
0.1924360797275639	4.087530439262546	
6.090749227452018	2.195654867917049	
2.19565486791705	0.1924360797275668	
3.923887849206717	2.753231862024216	
2.119552349855272	5.138560133118668	
2.191092854092944	5.217052820798877	
1.144625174060914	2.119552349855274	
4.16363295732431	1.144625174060914	
1.066132486380706	2.191092854092946	
4.092092453086637	1.066132486380706	
3.90247183398173	4.730797293260147	
5.330220240823341	2.593318769989827	
5.216821041424843	2.629379893596195	
2.588899948540276	0.9484637905558582	
2.629578320736285	1.057256290736305	
3.308408619107805	4.25706437946671	
3.69889517168332	5.331059557420066	
3.655838093272662	5.224942908216581	
0.9520964456280524	3.698925501944103	
1.058213094831538	3.655868423533445	
0.9978385348932198	5.289195999798928	
5.289195999798928	5.285346772286368	
0.9939893073806584	0.9978385348932268	
5.285346772286358	0.9939893073806559	
1.731173347865828	3.699713304772197	
4.66092679064667	2.097213357037973	
2.085554170349756	1.621550824886562	
5.082046240003518	2.205059516211073	
2.20745465606552	1.20257083346489	
4.530509160517095	5.29301749401466	
0.9906345968722882	4.537838044731518	
5.292370202358052	1.745233485705219	
1.745233485705217	0.990815104821532	
0.9903605226822041	5.645723618643551	
5.645723618643557	5.292824784497386	
5.292824784497381	0.6374616885360338	
0.6374616885360344	0.990360522682205	
5.080431951838051	3.714825041181066	
1.065975353208409	5.698767203733218	
5.698767203733224	5.217209953971181	
5.217209953971176	0.5844181034463686	
0.5844181034463686	1.065975353208411	
5.245542912395912	4.100431376948011	
2.370633456593323	4.372888627735379	
2.267468756398873	4.407819475860197	
1.897687551673892	2.365345965868949	
1.868492163994422	2.255502203650961	
3.918454376168274	1.89145099377509	
4.027202058676624	1.862676054226004	
4.333373526466991	4.030071728399645	
2.254973763636059	5.798326451297396	
5.798326451297388	4.028211543543527	
0.4848588558821961	2.254973763636061	
4.028211543543521	0.4848588558821974	
1.965835513923832	4.667228176727907	
1.614824253783225	1.962920204698032	
4.320265102481553	1.614824253783222	
0.5479160845295589	5.830116547936657	
5.830116547936655	5.735269222650025	
0.4530687592429272	0.5479160845295554	
5.735269222650031	0.4530687592429249	
4.715459383865366	1.767247800182703	
1.767247800182708	1.56772592331422	
4.305195765724024	4.906882622426251	
3.794206945279033	2.019858660576137	
1.517462040981045	4.805684518207592	
4.80617796067376	4.766862963739371	
4.765702166744425	1.477500569572208	
1.477500569572212	1.517483140435163	
1.574575194911221	4.503845832135021	
3.235550460674884	1.932806512731014	
1.974667649097856	2.775091760349011	
3.625520772810516	3.313187977557094	
3.965742093487451	3.66394916754748	
2.400113505082937	1.599565247977424	
2.3029883436593	1.59777398259001	
1.146122965848294	5.92516063630446	
5.925160636304458	5.137062341331288	
5.137062341331298	0.3580246708751291	
0.3580246708751314	1.146122965848291	
2.787049334655598	5.260563089667458	
1.023615752161042	2.78779856443898	
3.496135972523982	1.022622217512124	
3.038588037655032	2.670624106708588	
1.780771141513246	3.309794884159543	
1.856055898499848	3.342316611213933	
3.506872608400156	5.36279404472219	
0.9203360383431483	3.506963054550158	
2.575106352566743	3.543202216734319	
4.795743933780263	3.594711080497409	
2.800732878151222	4.723470859019353	
2.76312003729953	4.813416411170156	
1.55971444816023	2.800732878151229	
3.483701450981383	1.562195217898328	
1.469768896009426	2.763120037299541	
3.520358009400284	1.470350326416792	
3.515507740056578	2.212235515368303	
4.915377421654523	3.813115557863651	
2.719142037290311	3.644306015176081	
3.300134240566717	2.89638522619281	
4.424040139263842	2.981630996852946	
2.958393152668973	5.709684124981181	
5.710651601369105	3.32595420670015	
0.5735023574865312	2.958397186116898	
3.325673751514876	0.572681096428609	
2.362170066361833	1.911911193629527	
4.728104728683682	3.643582097685865	
4.533615375726265	2.451522879575551	
3.865212931826973	2.53552782759717	
5.26531076284833	2.836301657146571	
2.132602953567296	4.861239824179012	
1.421945483000569	2.132602953567299	
4.150582353612284	1.421945483000568	
4.965061509852997	2.496411077661918	
2.559510900428423	4.42566015683829	
1.854565040125381	2.559322874887778	
3.724419888562633	1.855699369538661	
1.851542136831026	5.041325430249788	
1.958637508840371	5.055741213324679	
1.241859876929794	1.851542136831027	
4.431643170348559	1.241859876929793	
1.227444093854902	1.958637508840371	
4.324547798339213	1.227444093854902	
4.518847241719929	5.391464495876977	
0.891627451607686	4.518782729909104	
5.391464495876952	1.764338065459658	
1.764338065459655	0.8917208113026324	
2.735411681307724	3.740687061735388	
1.479703954337726	4.253597375671974	
2.080517383882034	3.731745229266783	
1.742372354857447	4.20116920483019	
1.781583946223778	5.342441650008598	
5.344197515871071	4.508375997823894	
0.9407436571709811	1.781583946223782	
4.501601360955803	0.9407436571709828	
3.493302325489147	1.78428278393544	
2.404109456620287	3.554920196674282	
2.817963550472335	5.342526296194196	
0.9416525456343048	2.818712780255716	
3.465221756707246	0.9406590109853871	
4.20024046145849	4.510719029405766	
4.095718326962296	3.95356901389979	
4.162685565889583	3.653986710991081	
4.416100816732845	5.535061509534476	
0.748014472958713	4.415723214449288	
5.535088006318771	1.867482047802576	
1.867482047802574	0.7480973008608136	
5.258526015632677	3.503298439055582	
5.338005132201534	3.469970553437053	
2.107983747990221	3.820329650123136	
4.25815512036331	5.229598391893697	
2.034670139762836	1.067116409740818	
5.216068897438769	2.03467013976284	
2.919201098474046	3.942750910089131	
5.210560275399788	4.70670099844456	
1.576281026891671	5.210569369625759	
1.072615937553823	1.576281026891679	
4.706904280287906	1.072615937553824	
1.546577824686032	5.488482770922508	
5.488482770922514	4.736607482493548	
4.736607482493548	0.7947025362570733	
0.7947025362570695	1.546577824686037	
2.881167500086109	4.69852950050863	
1.584009302974453	2.882070316153669	
3.404079803523067	1.59569691242519	
3.743555424717917	2.700887480780227	
2.147517233048289	4.000730247405163	
1.427735381720681	4.99495403242995	
4.994953104447708	4.855429182413665	
4.855449925458895	1.288231274749633	
1.288231274749636	1.427735381720692	
4.333437838619046	5.28419323692079	
1.950184959441795	1.010370452351822	
5.272814854827764	1.950184959441801	
1.662026216885472	4.030593381972973	
3.772515743384253	2.11279720922961	
5.050264713111819	4.090489030913245	
4.589069530840771	2.14014806792897	
2.132409294763105	1.685610893456501	
4.480541611985148	3.051587587469077	
5.350324047614175	5.448332270141211	
0.8348530370383755	5.350324047614174	
0.9328612595654143	0.8348530370383787	
5.448332270141204	0.9328612595654115	
5.373134843249595	2.800695894948717	
2.783860171940486	0.9210945761542004	
1.439008609127336	4.0854852264175	
4.339394110197247	3.565641499281492	
4.386134130950682	3.481419241261746	
1.424517972356322	3.367771375001127	
1.06346466636094	4.251672941223337	
6.222048915008074	3.844854245281092	
2.438331061898494	6.222048915008074	
0.06113639217151134	2.438331061898495	
3.84485424528109	0.06113639217151167	
2.892949712088591	4.91809574143055	
1.365032720148703	2.893130484394649	
3.389648021524747	1.367754585451806	
4.597511687976932	2.867591205307029	
2.925030916025279	4.383816852073744	
1.89579380002159	2.930851480979358	
5.868833262323252	4.869618559960836	
1.413566747218745	5.868833262323251	
4.869618559960844	0.4143520448563324	
0.4143520448563334	1.413566747218742	
3.350290701533601	2.042455083211953	
3.294296287286739	3.262129184654215	
3.866163878458318	3.323966774997773	
3.769260889132062	3.148971434979199	
5.328113689116126	4.166644511102689	
1.009477844405004	4.332769500068722	
1.535499767514896	4.332063025867789	
0.4262802980396109	4.859743672179022	
4.859743672179022	5.856905009139974	
1.423441635000577	0.4262802980396435	
5.856905009139944	1.423441635000573	
4.743992903099061	4.180935868947521	
3.599271936958898	2.000953125295965	
3.694050453781506	1.942222654447464	
3.524434508868295	4.496114783343205	
3.484764185372498	4.579634178444947	
2.746511624935219	1.791044619325421	
2.795105037059133	1.704215919956914	
4.931011552515076	2.58084238687487	
0.2909081647638434	5.531780383992318	
5.531780383992315	5.992277142415745	
0.7514049231872871	0.2909081647638491	
5.992277142415738	0.751404923187283	
4.322928605284085	2.45532155895256	
0.3464647213443268	0.2545973029462168	
6.028588004233368	0.3464647213443235	
5.936720585835247	6.028588004233373	
0.2545973029462151	5.936720585835246	
0.2704416400365495	0.3384426511113775	
6.012743667143037	5.944742656068217	
5.944742656068211	0.2704416400365469	
0.3384426511113713	6.012743667143033	
3.954431606619472	2.62551071474061	
4.724093881175723	5.10939282118572	
1.171058164178202	4.725740844521047	
1.557460848863887	1.171182634302649	
5.112002672876939	1.557460848863887	
2.604577642762848	2.182909731544212	
3.26020772331363	4.333483867379006	
3.298903386570664	2.78797750467473	
3.729162047058942	4.754425677824925	
2.602143900257318	4.345096843748585	
2.935836689438492	3.347402226326527	
2.850212063272073	3.298837702700776	
1.924803759212634	6.154944902774074	
6.154944902774075	4.35838154796695	
4.358381547966954	0.128240404405514	
0.128240404405514	1.924803759212633	
4.740799663206748	4.429459381826875	
4.625796472054585	5.138507821691575	
1.142496583087965	4.634824600003217	
5.140470381726209	1.648315597027755	
1.648315597027756	1.142714925453378	
3.126438341537498	4.150835378841291	
2.132597198750946	3.127835950695019	
5.428640649538846	4.952002518924612	
1.331182788254974	5.428640649538845	
0.8545446576407348	1.331182788254982	
4.952002518924604	0.8545446576407373	
4.598590065496193	3.044104384725463	
3.092583409025709	3.221885338409715	
3.052718020725499	3.310966204154598	
2.05474462322803	5.485674648619002	
4.228440683951563	0.7975106585605753	
0.7975106585605772	2.054744623228026	
2.85880871590407	3.114253069080643	
1.582387906649278	5.296619962327324	
5.29661996232733	4.700797400530306	
4.700797400530301	0.9865653448522609	
0.9865653448522569	1.582387906649283	
1.90168109427098	4.563893807784167	
4.383472601452496	1.7133164830362	
1.713316483036203	1.899712705727089	
3.887811468513955	2.420288698920634	
3.506740583506025	1.97745644840081	
0.05570267623250715	3.846904684370647	
3.846904684370648	6.22748263094708	
6.227482630947081	2.436280622808932	
2.436280622808933	0.05570267623250676	
2.852375807467079	5.693364910257013	
5.693527273654563	3.431022326813281	
0.5898218127159873	2.852379450614281	
3.430812007710894	0.5898251953124015	
3.422204429356563	3.661669950270749	
0.9845556436968258	4.737026089968301	
4.735404724429539	5.295998363580229	
5.298608215271445	1.546150005610073	
1.546150005610072	0.984577091908141	
1.471074746635609	3.76482097164622	
0.5874027737529328	5.238695862778048	
5.238695862778047	5.695782533426657	
5.306432629823021	5.61581682071959	
0.6673684864599972	5.30643262982302	
5.695782533426649	1.044489444401541	
1.044489444401543	0.587402773752932	
5.615816820719584	0.9767526773565662	
0.9767526773565689	0.6673684864599975	
4.42200907167228	5.129010796035492	
1.826956437158897	1.167019537777729	
5.116165769401858	1.8269564371589	
2.78112851806583	2.675486855936147	
4.08909452118457	4.053163037708779	
6.062540711521575	4.877021609090257	
1.406163698089325	6.062540711521576	
0.2206445956580133	1.406163698089321	
4.877021609090264	0.2206445956580128	
3.755699325930436	2.57577126695322	
2.690161171431863	2.130003303542564	
1.645397021862304	5.474509698779631	
5.473845209300915	4.640228584457983	
4.637788285317278	0.8086756083999519	
0.8086756083999482	1.645397021862307	
4.695917739664771	5.734016999923952	
0.5491683072556355	4.69591773966477	
5.734016999923919	1.58726756751483	
1.587267567514838	0.5491683072556687	
1.579525550031854	5.746676760048551	
5.746676760048552	4.703659757147726	
0.536508547131028	1.579525550031855	
4.70365975714773	0.5365085471310277	
2.351629315084825	3.143019804849548	
1.763467676205656	6.051244076103228	
6.051244076103227	4.519717630973927	
0.2319412310763643	1.763467676205653	
4.51971763097393	0.231941231076365	
2.603543416262535	4.516532299967897	
1.771267126026786	2.604687745574584	
3.677958938166187	1.77282190357045	
4.882932777930823	6.060413044006406	
0.22277226317318	4.882932777930823	
1.400252529248807	0.222772263173221	
6.060413044006364	1.400252529248804	
4.369846767744968	5.783203274395193	
0.4999820327843904	4.369846767744969	
1.913338539434619	0.4999820327844358	
5.783203274395149	1.91333853943462	
4.740251682118902	2.152365431452002	
2.141705070422952	1.542742803729064	
3.562256987443092	2.589479019252237	
1.738254543028074	4.740651987281221	
1.542530730146866	1.738257252935689	
4.544928054243898	1.542530730146862	
3.273825250168302	5.333380608213115	
3.009875691286068	0.9503884568861002	
5.859760493343331	2.497295150164442	
2.497295150164442	0.423424813836251	
2.514544085052358	6.040110602209478	
6.040110602209471	3.768641222127227	
0.24307470497011	2.514544085052365	
3.768641222127219	0.2430747049701107	
3.376757733507294	5.71998975837461	
0.5632323337930695	3.376832906689373	
5.811789018476605	2.873184420003291	
2.873184420003286	0.4713962887029794	
2.956601752379688	2.697521359863919	
1.678308254310501	5.736868746698375	
5.736868746698377	4.604877052869082	
4.604877052869081	0.5463165604811988	
0.5463165604812005	1.678308254310504	
2.950631453041064	3.470323449213208	
0.9496267089286464	3.274238771494753	
3.782172060121866	5.857561095225308	
1.557312086876378	3.773671836269011	
0.108636928911572	4.313026939452987	
4.313026939452989	6.174548378268014	
1.970158367726866	0.10863692891157	
6.174548378268016	1.970158367726867	
4.433095723523779	4.784360721468769	
2.009876506384349	5.154745834307532	
1.964688895097921	5.239978955489224	
1.12843947287205	2.00987650638435	
4.273308800795234	1.12843947287205	
1.043206351690356	1.964688895097921	
4.318496412081663	1.043206351690357	
2.575007961732164	5.589991495611598	
5.589943402879911	3.708036985005778	
0.693193811567989	2.575007961732171	
3.708177345447412	0.6931938115679901	
6.052797333921762	4.752480339936897	
1.530704967242685	6.052797333921763	
0.230387973257825	1.530704967242681	
4.752480339936903	0.2303879732578249	
2.610047555987934	2.631709922738707	
3.816532796286989	4.213699803767025	
1.16589069176626	4.455499415839947	
5.043502605793746	4.431065071525245	
5.051581519241259	4.313701694612123	
5.207193560122608	3.274585859527858	
4.129437360525877	6.018627978201987	
0.2645573289775997	4.129437360525878	
6.018627978201944	2.15374794665373	
2.153747946653733	0.2645573289776402	
2.213409758754875	2.779060153039568	
2.240964644392554	4.526473560606728	
2.320260302212894	4.604018441311638	
1.750397804245691	2.231764225273701	
4.049450412417984	1.7470340380456	
1.674691692126446	2.319071299970273	
3.962143337721411	1.671327925926356	
3.748780395273033	5.94101863120915	
4.933837312221304	5.964462187437513	
0.318723119742071	4.933837312221301	
1.3493479949583	0.318723119742094	
5.964462187437491	1.349347994958299	
5.975296252049241	4.939682899979335	
1.34350240720025	5.975296252049243	
4.939682899979341	0.3078890551303456	
0.3078890551303467	1.343502407200245	
1.530113678995657	3.534734613426795	
5.943151529808987	2.530674230157569	
2.530674230157568	0.3400337773705966	
4.040272286989556	2.602010461210384	
3.547789138127832	3.544832588448604	
3.63049578171315	3.517712299682704	
5.855823664373006	5.321642706420964	
0.961542600758615	5.855823664373004	
0.4273616428065844	0.9615426007586151	
5.321642706420972	0.4273616428065833	
1.790144336134371	4.555415083169946	
1.714347490250246	4.639344353227373	
4.840931232854537	4.390804407503469	
4.89798998047718	5.183348411938924	
1.099826586617759	4.897991706506228	
4.933986145815668	5.069087237566412	
1.214087760990271	4.933987871844714	
5.18334841193891	1.385195326702401	
1.3851953267024	1.099836895240678	
5.069087237566398	1.349199161363913	
1.349199161363914	1.214098069613189	
4.49170499082523	1.721092289241001	
1.721092289241005	1.791480316354356	
1.642002844628326	1.71473897140789	
4.568446335771697	1.642002844628322	
1.485426693737989	4.442103837237768	
0.2293659560030823	5.456716419920893	
5.456716419920895	6.053819351176503	
0.8264688872587231	0.229365956003092	
6.053819351176494	0.8264688872587211	
6.073876979911252	5.446074715697424	
0.8371105914821554	6.073876979911252	
0.2093083272683362	0.8371105914821561	
5.446074715697429	0.2093083272683355	
2.88069903182479	3.777014170677214	
0.188016076659176	5.249660953956165	
5.249660953956166	6.095169230520408	
1.03352435322346	0.1880160766591878	
6.095169230520399	1.033524353223459	
6.113477703549776	5.252628994761309	
1.030556312418271	6.113477703549774	
0.1697076036298134	1.03055631241827	
5.252628994761317	0.1697076036298117	
2.507899042120918	4.597060541786966	
1.685350040720633	2.508463665891904	
3.774775996720096	1.685404896965698	
5.020296473163984	3.480400294477689	
5.098986633372744	3.525730849390258	
1.922636862205582	4.746799585523077	
1.536385652780134	1.922636934277596	
4.360548372901989	1.536385652780133	
0.2694028391190771	2.315300494621191	
3.967884812558394	0.2694028391190791	
2.315300494621189	6.013782468060513	
6.013782468060509	3.9678848125584	
1.71593299431342	4.288206013910225	
2.156456932858824	2.881449924790793	
1.617535224052952	3.572861426042141	
2.035909991400148	4.257547751729438	
0.05849095298885546	3.437101702267628	
3.437064891489312	6.224709112749255	
6.223195293426492	2.845469271044064	
2.845469271044062	0.05999001375309342	
3.488239165857802	2.553003548743503	
3.812353351000794	4.78220605361554	
1.893430088440681	4.363909140454978	
4.077063248077321	5.925231917432372	
0.3579586584656722	4.077076389308353	
5.925227009639459	2.206180147464081	
2.206180147464084	0.3579582975401257	
5.152354899970105	4.264241606569514	
5.246390717250237	4.32504796970388	
3.848297659915534	2.205116007179369	
5.874311428487452	2.905267624519007	
2.905267624518999	0.4088738786921306	
1.101877289686546	5.307860238765528	
5.307860238765527	5.181308017493044	
5.39626053385048	5.130996080547138	
1.152189226632453	5.396260533850481	
5.181308017493032	0.9753250684140541	
0.9753250684140548	1.101877289686554	
5.130996080547125	0.8869247733291015	
0.8869247733291005	1.15218922663246	
3.369191723075538	4.57692694582633	
2.908924770058572	1.706993225843721	
1.520898150375765	3.404066516309904	
2.878913460468512	4.113759680098213	
4.157549165496565	5.870775396194664	
0.4124151797033793	4.157562306727597	
5.870770488401739	2.125694230044845	
2.125694230044847	0.4124148187778484	
2.019005807953273	6.158582833717833	
6.158582833717841	4.26417949922631	
0.1246024734617506	2.019005807953274	
4.26417949922631	0.1246024734617505	
3.010982859366921	5.630896095014238	
0.6522903874534687	3.010986892814843	
5.631863571402167	3.273364500002203	
3.27308404481693	0.6514691263955471	
0.3421879627978447	3.748734033514562	
0.425677769682248	3.782206188403443	
2.789047478417772	2.47084646871063	
1.72641703698236	5.650073721607166	
5.651790004224218	4.556697087768458	
4.556768270197218	0.6331115855724054	
0.633111585572407	1.726417036982365	
2.146139029982107	4.11252189813221	
2.056052695031513	4.149045543563318	
1.619224990617659	3.214861302069088	
5.264195693116617	5.789991918355047	
0.4931933888245443	5.264195693116611	
5.789991918355041	1.018989614062979	
1.018989614062978	0.4931933888245434	
5.127494915876025	3.617412634205635	
4.953524748675204	2.106671720555446	
2.110169420472533	1.331278831549048	
3.403801681651578	2.965013794165965	
0.4744702475400436	5.448826893661607	
5.448826893661613	5.808715059639543	
5.808715059639551	0.834358413517981	
0.8343584135179853	0.4744702475400344	
3.508634498074872	3.313420549332109	
6.043613167084146	4.411066988489619	
1.872118318689962	6.043613167084144	
0.239572140095446	1.872118318689961	
4.411066988489624	0.2395721400954464	
1.794068319895722	3.19753995886474	
1.716845951186921	3.15451443967328	
3.492847213005895	4.330212069141778	
1.010516048212124	5.531958017142103	
5.531958017142109	5.272669258967468	
5.272669258967459	0.7512272900374802	
0.7512272900374809	1.010516048212127	
5.487361618801612	5.166832892723533	
1.116352414456063	5.487361618801608	
0.795823688377974	1.11635241445607	
5.166832892723514	0.7958236883779748	
4.085223686203465	2.439495786722928	
2.820071767240146	1.875842059991815	
3.00886703615486	5.061214302390229	
3.274765776199428	1.221347383781731	
1.866470883978501	5.427548355608832	
5.430303906556452	4.429599456525264	
0.8556369515707466	1.866470883978499	
4.416714423201088	0.8556369515707473	
3.709711841118293	4.572851822800503	
2.640854836923189	1.775307298556833	
2.824768046609209	3.196116884076484	
3.150801226913317	3.941030560889496	
1.023682483552832	4.977552191194912	
4.977551903523404	5.259501105522936	
5.259501105522922	1.305633403656178	
1.305633403656179	1.023684201656663	
1.492464759633219	4.681652580551609	
4.677824447847891	4.792072871053615	
4.792695410947436	1.596902419471264	
1.596902419471268	1.490489896232153	
1.26945484424595	3.970034533725304	
5.969401027016402	5.85452843333156	
0.4286568738480266	5.969401027016398	
5.854528433331554	0.3137842801631798	
0.3137842801631824	0.4286568738480325	
6.011265317860039	5.773399359203501	
0.5097859479760819	6.011265317860038	
5.773399359203498	0.2719199893195415	
0.2719199893195435	0.5097859479760893	
1.22168939157232	3.326942439354812	
4.804789082362696	1.827612684338057	
1.827369784615389	1.478381481240926	
4.63109720964059	3.128119077200948	
4.730003786328254	4.552773475022021	
3.449534037509379	4.417161626793281	
4.533667671242715	5.883832326300066	
0.3993529808795201	4.533667671242712	
5.88383232630004	1.749517635936885	
1.749517635936887	0.3993529808795446	
3.591607226282774	4.160708503302666	
0.4377546870184821	5.362170103750977	
5.362170103750985	5.845430620161108	
5.845430620161107	0.9210152034286135	
0.9210152034286145	0.4377546870184783	
4.167599451247892	5.788751176740899	
0.4944408104210181	4.167616112451516	
5.788933650126684	2.115673799876782	
2.115673799876783	0.4942516570529024	
3.560784701011477	4.658627636948428	
2.726157908412226	1.620531167760389	
1.222377650316756	3.009920815859346	
0.5379842592859342	5.647815509862428	
5.647815509862432	5.745201047893651	
5.745201047893662	0.635369797317157	
0.6353697973171606	0.5379842592859252	
4.184123825475905	3.266054251382297	
4.095259854434978	2.518309020112178	
4.778827487842363	6.05467332007193	
0.2285119871076557	4.778827487842358	
6.054673320071885	1.504357819337248	
1.504357819337252	0.2285119871077004	
4.200543861143494	3.898943315091422	
4.556956006249278	3.675682372622955	
5.981551533391455	3.880098520851517	
2.403086786328072	5.981551533391463	
0.3016337737881297	2.403086786328075	
3.880098520851508	0.3016337737881315	
4.298346361369465	4.540653041227192	
1.356672978295816	5.259471420873537	
5.25947142087354	4.92651232888377	
1.023713886306042	1.356672978295826	
4.926512328883762	1.023713886306044	
2.138402281053996	1.829170260500367	
4.445055033139281	2.120329812667582	
3.952294812395545	2.196987915414146	
1.804813512483836	4.938310950659698	
1.344874081014408	1.80481380077188	
4.478371506407705	1.344874081014406	
3.28758173257371	5.666474306016501	
0.6167056256906254	3.2875845153376	
5.663651072084567	2.995019967560231	
2.993613678006509	0.6189113557649099	
1.548800663600158	3.143968570784632	
3.825767082207398	4.426020977164883	
3.807928693247441	4.54641130698872	
1.93610758118217	4.273479945005242	
4.076308720721676	4.789079208707935	
2.837556818960256	2.359858748281814	
5.498576457439734	2.297167851652593	
2.297261427122328	0.784499969484699	
5.400422846202162	2.291619857005142	
2.291713432474875	0.8826535807222716	
3.519802102354196	4.744894397594467	
2.769291982592142	1.536298318411807	
5.043083242880614	3.96997548347925	
4.141594794582645	4.697392646539887	
1.160897881677157	5.835729658913998	
5.835729658913999	5.122287425502427	
5.122287425502432	0.4474556482655903	
0.4474556482655919	1.160897881677155	
1.373969971991735	6.175473780132538	
6.175473780132539	4.909215335187848	
4.909215335187852	0.107711527047048	
0.1077115270470483	1.373969971991733	
2.623888720694918	4.92054785145345	
2.532842799234487	4.974519084532317	
1.362637455726132	2.62388872069493	
3.659296586484655	1.362637455726131	
1.308666222647267	2.532842799234495	
3.750342507945089	1.308666222647266	
1.82348946833228	5.509251352052617	
5.511302830276093	4.468175352015337	
0.7739339551269605	1.82348946833228	
4.459695838847306	0.7739339551269596	
4.428592492563661	0.05145451935455418	
0.05145451935455404	1.854592814615925	
1.854592814615926	6.231730787825034	
6.231730787825033	4.428592492563659	
1.984734586450575	3.95358552660378	
3.322779208911714	5.059563038546587	
2.960447746676986	1.223643009645029	
3.233353829942775	2.615614656500072	
3.316964793690503	4.662343842673161	
2.965021376314822	1.621766453890308	
2.671550963148657	5.626832990670067	
5.626784897938381	3.611493983589288	
0.6563523165095183	2.671550963148664	
3.611634344030919	0.6563523165095192	
3.177493231026514	5.327271715766424	
3.10595781997314	0.9563729032606125	
0.7681473530467365	5.839700615925943	
5.839700615925945	5.515037954132838	
5.515037954132854	0.4434846912536431	
0.4434846912536431	0.7681473530467348	
1.563961088095021	6.165730402532729	
4.719224219084567	0.1174549046468603	
0.1174549046468601	1.563961088095018	
6.165730402532727	4.719224219084563	
2.087014008480703	2.312576520283727	
5.19168581133076	2.756645967254007	
2.79388926988327	1.971923281806498	
3.406488588962206	3.069352097119419	
4.27206353926674	3.172858385414472	
0.4154181702830013	3.550083342443579	
0.9558437593171605	3.177992087117235	
2.418372603513768	4.555504200370171	
1.722587566268861	2.418429467973781	
3.862839525150321	1.719278656313836	
4.83585138619534	4.04741902353096	
2.214564235584674	5.963152821569567	
4.068621071594911	0.3200324856100301	
0.3200324856100271	2.214564235584674	
5.963152821569559	4.06862107159491	
5.70001627472022	2.913904106872482	
2.913904106872476	0.583169032459364	
3.976397694030882	5.007736840195244	
5.295279340131751	3.681745478601149	
4.775192492711817	2.955468799216304	
5.388786530081906	6.22433147385435	
0.05885383332523503	5.388786530081905	
0.8943987770977484	0.05885383332523622	
6.224331473854349	0.8943987770977481	
0.8949560686891284	6.23577607765237	
6.23577607765237	5.388229238490456	
5.388229238490457	0.04740922952721625	
0.04740922952721629	0.8949560686891281	
5.186734527288891	5.490559534357597	
0.79262577282199	5.186734527288897	
5.272960594062975	5.509106035261714	
0.7740792719178736	5.272960594062978	
1.096450779890694	0.792625772821995	
5.490559534357585	1.09645077989069	
1.010224713116613	0.7740792719178765	
5.509106035261703	1.01022471311661	
4.612551583480928	2.771589442012606	
1.879304083961913	3.808928001400429	
1.746088432991649	3.976286256170528	
0.5200590103770647	3.580190758283833	
3.208144238223086	3.212054456059765	
4.938615509168586	4.475671008422879	
2.385153219635835	4.268945298277711	
3.901631838889889	2.001026661460259	
0.8706479728476775	5.808432016990261	
5.808432016990268	5.412537334331897	
5.41253733433191	0.4747532901893241	
0.4747532901893239	0.8706479728476791	
4.683715334024067	2.713233650885757	
1.898145558433698	3.907663128438855	
2.91699684603282	2.789898713597662	
2.461361490415258	3.882974028373988	
2.536904612528952	5.851951857585185	
5.851951141919522	3.746278605953586	
0.4312334495944072	2.536904612528962	
3.746280694650622	0.4312334495944082	
4.323756515060762	3.383932345503139	
2.556265935503923	1.524512190255345	
4.901042262566932	3.616537084698167	
3.664813578894139	2.516390729173723	
5.544365475193993	2.391128969382633	
5.494705723095501	2.495353291342684	
2.391228647600394	0.7387038508442335	
2.495452969560444	0.7883636029427253	
3.388347922246271	3.744789485150565	
5.233747172389301	3.612410391398744	
4.626838389781579	4.586227388857214	
2.926053101616822	6.165359829278836	
0.1178254779007486	2.926053101616832	
3.357132205562752	0.1178254779007481	
6.165359829278837	3.357132205562757	
0.2601083499966266	5.614810153547935	
5.61481015354793	6.023076957182962	
0.668375153631664	0.2601083499966342	
6.023076957182952	0.6683751536316589	
3.435592538279765	5.99644871044992	
5.981187750846978	2.85687941633314	
3.353561061806722	6.028966501649885	
0.2868399066393337	3.435850213727984	
6.02745268232712	2.92897310072665	
2.856879416333133	0.3019975563326049	
0.2542335640882252	3.353597872585046	
2.928973100726642	0.2557326248524631	
2.88221961333798	6.064058106905639	
6.06405810690564	3.400965693841598	
0.2191272002739462	2.882219613337994	
3.400965693841589	0.2191272002739454	
1.81409179413771	3.613131541245144	
4.916036762910714	6.175986237514063	
0.1071990696655234	4.916036762910714	
6.175986237514036	1.367148544269027	
1.36714854426903	0.1071990696655486	
3.894582020902451	5.541271867458804	
0.7419392350762214	3.894649931335576	
3.792342371480029	5.488835410315149	
0.7943710820912258	3.792398783336005	
5.642408524650461	5.565507078424877	
0.7176782287547019	5.642408524650452	
0.6407767825291327	0.7176782287546988	
5.565507078424889	0.6407767825291326	
3.385774681146485	2.734109317086857	
2.252654953796731	1.780778138619276	
2.715261923830647	4.657513456717979	
1.625671850461605	2.715261923830654	
3.569035793525845	1.627881286009597	
5.482698130274054	5.346834117890566	
0.9363511892890212	5.482698130274049	
0.8004871769055346	0.9363511892890224	
5.346834117890563	0.8004871769055334	
4.345815616368222	4.636726869809241	
4.179582200267128	3.80340124091662	
0.1128479612344612	4.655050713567138	
4.655050713567147	6.170337345945124	
6.170337345945133	1.628134593612516	
1.628134593612515	0.1128479612344524	
3.019124324931707	5.972089968500524	
5.972089968500522	3.264060982247875	
0.3110953386790634	3.019124324931718	
3.264060982247865	0.3110953386790629	
4.395221735361351	3.310928512881791	
3.549833666350082	5.867913760063234	
3.579885410679208	5.763295240368051	
4.231537396880962	4.823059404467321	
4.855981742632941	2.879238781021123	
0.04714195794451649	4.595499291537426	
4.59549929153743	6.236043349235071	
6.236043349235088	1.687686015642293	
1.68768601564229	0.04714195794449674	
3.987954578128856	5.4980123375802	
3.993108539099288	5.399757872274426	
0.7856839851519225	3.987409095670087	
0.8839338403290464	3.992551558063372	
3.984370714070035	4.808186456458259	
2.490301958299371	3.010981503313052	
2.425443171985137	2.938739217000293	
2.3672546415036	3.882683947011516	
2.921356518100568	2.329749866612176	
4.649290271995133	4.372566499795927	
1.902709653783974	1.798701478386979	
4.485202096977617	1.89999996211688	
4.969821658336604	3.22082146690528	
4.975226536663498	3.316639055682055	
3.100295085460033	5.38941526767096	
3.091512937845472	5.478925043367464	
0.8937930046039249	3.100463252354901	
5.395546421844185	3.184531500446993	
5.489863873112817	3.196516561640693	
0.8042325460588067	3.091557919223017	
3.183114236136506	0.8941986316878716	
3.191896383751065	0.8046888559913651	
1.9751569729649	1.751175087311127	
4.53272848805347	1.972447281297807	
5.27558467668517	5.017852069815461	
1.265333237364127	5.275584676685171	
1.007600630494409	1.265333237364137	
5.017852069815449	1.00760063049441	
1.063084288743655	4.442142327535233	
2.881438084529777	2.056035631539823	
0.05107793840260618	4.416846988970608	
4.41684698897061	6.23210736877698	
1.86633831820928	0.05107793840260619	
6.232107368776981	1.866338318209282	
1.261982410535207	4.054697918966244	
4.433651562283885	5.231516564994782	
5.219358407323529	1.840540788040521	
1.840540788040517	1.063826899856057	
0.7072542145368934	6.234097541745007	
5.575931092642691	0.04908776543457833	
6.234097541745008	5.575931092642691	
0.0490877654345786	0.7072542145368939	
5.582954198548142	6.228303278552396	
0.05488202862719053	5.582954198548143	
6.228303278552382	0.7002311086313271	
0.7002311086313276	0.05488202862720253	
2.454751281455433	1.505553844875841	
2.91630256844487	5.013843474195028	
1.269347373695046	2.916573848859228	
3.366158553392356	1.271735518497225	
2.9806830000734	2.040298543611179	
4.974884656545366	4.150989778060342	
2.409565123643911	5.679549142186993	
5.679548426521334	3.873618094838621	
0.6036361649925981	2.409565123643917	
3.873620183535668	0.6036361649925991	
1.374145383016388	4.659201734600341	
4.654931126649473	4.909295789518342	
1.619372978041353	1.372272008914623	
4.910913298264965	1.61937297804135	
0.9151938672631025	4.957554328182825	
4.957554504236918	5.36799082940024	
5.367990829400225	1.325630802942664	
1.325630802942664	0.9151944777793591	
1.500162520247164	5.372741833429632	
5.372741833429638	4.783022786932418	
0.9104434737499468	1.50016252024717	
4.783022786932416	0.9104434737499517	
4.21636249093102	3.370995808022446	
5.619692895638354	5.472891585845757	
0.8102937213338226	5.619692895638344	
0.6634924115412385	0.8102937213338204	
5.472891585845769	0.6634924115412378	
2.91905645832746	5.996045516571018	
5.996045516571015	3.364128848852123	
0.2871397906085688	2.919056458327471	
3.364128848852112	0.2871397906085683	
3.258176793759874	5.55364026563655	
5.55960395597783	3.030388391960854	
0.7295020377633848	3.25819905587095	
3.026187360618954	0.7329050428311067	
3.156518901898299	5.547247739623268	
5.555852008045621	3.130850965279949	
0.7358945637766656	3.156541164009376	
3.12664993393805	0.7366569907633156	
5.324477492369789	3.280325247960593	
5.369201284300442	3.370524726486577	
3.29833692020125	4.491063333552325	
2.977177656514393	1.791011573074739	
4.166167235807218	4.4084111148065	
4.219976019904912	4.319722357746862	
5.168403403967441	3.170090487753063	
2.210677089885253	5.710995747968479	
5.708456096293962	4.073022074081631	
0.5721895592111068	2.210677089885256	
4.072508217294328	0.5721895592111055	
2.079694557256531	6.235368718768793	
4.203490749923053	0.04781658841079073	
0.04781658841079079	2.079694557256531	
6.235368718768797	4.203490749923055	
3.336980356340384	3.117584723037149	
4.891849269661659	2.426280373321774	
1.743436760733103	5.849291340511379	
5.849291340511379	4.53974854644648	
0.4338939666682027	1.743436760733104	
4.539748546446479	0.4338939666682016	
2.298069818566105	5.214309731281511	
1.068875575898073	2.298069818566109	
3.985115488613476	1.068875575898073	
1.509057517667566	5.045103614505057	
5.04509359229684	4.773903764623424	
1.238081692674531	1.509057517667575	
4.77412778951201	1.238081692674527	
2.297292417801572	6.101570682289193	
3.985892889378011	0.1816146248903913	
0.1816146248903915	2.297292417801573	
6.101570682289191	3.985892889378014	
4.774457734134931	3.473846414960862	
4.855771830804848	3.433411056608086	
4.133600977171437	4.851373657562881	
2.06272215139699	3.915450726057574	
5.040460949528986	3.370212836287585	
4.928185904739873	2.326442387490339	
2.33005271799771	1.359086527145533	
1.605539278253085	3.33352048588348	
4.953491415324437	3.919087427443797	
2.670724163532364	5.234157592427275	
1.049310925912341	2.672199628504548	
3.612461143647216	1.049027714752309	
2.001343306404742	2.390204850182265	
3.638927423590728	2.410390111518114	
4.772961888105369	3.890556681657791	
4.799002313117597	3.807288686859411	
3.020569243928073	3.687496786624993	
2.926432084722473	3.675429980726248	
2.067510026235107	1.766302373604636	
4.509689361242664	2.062389390656516	
2.309069021084842	2.8108489426525	
1.4126086048373	5.361534429418972	
5.361534429418976	4.870576702342285	
0.9216508777606054	1.412608604837308	
4.870576702342277	0.9216508777606083	
2.394383067345742	2.601168136746785	
2.302631783490076	2.569788650054241	
2.745644499824002	4.24893544004342	
2.722449938121851	4.33700760900458	
2.66393459630712	5.735552176314307	
5.735546164722837	3.619233165817258	
0.5476331308652809	2.66393459630713	
3.619250710872454	0.5476331308652813	
2.355186759600596	5.125455340802488	
1.157729966377093	2.355186759600601	
3.927998547578984	1.157729966377093	
2.93691806581988	1.873031707854326	
4.857348099938791	3.962132727367377	
2.395226208002833	2.777031079096276	
2.432280644168611	2.691519765171563	
4.29913983768939	3.935933775053422	
3.757174547657201	4.366668196233947	
1.629758638534607	4.334651619114675	
4.253258332436696	5.919737809858989	
0.3634474973205974	4.253258332436697	
2.029926974742913	0.3634474973206675	
5.919737809858917	2.029926974742912	
5.288234305812571	6.184215955907929	
0.09896935127165621	5.28823430581257	
0.9939585971815397	6.19879578960509	
6.198795789605093	5.289226709998044	
0.08438951757449636	0.9939585971815397	
5.289226709998046	0.08438951757449568	
0.9949510013671233	0.09896935127166534	
6.184215955907922	0.9949510013671229	
1.254032727793082	3.419287673070279	
2.183585631637145	2.345466520158346	
1.787045372783389	3.517816395721222	
1.692643477619846	3.494101391824245	
2.635009470762068	5.407477933831627	
5.407798277183098	3.647880386740572	
0.8765974144246662	2.635601461533025	
3.648175836417513	0.8757073733479572	
1.47150109208277	6.234885378564605	
4.811684215096816	0.04829992861498179	
0.04829992861498191	1.471501092082769	
6.234885378564606	4.811684215096816	
4.608521947682172	5.917187093451935	
0.3659982137276505	4.608521947682168	
5.917187093451912	1.674663359497431	
1.674663359497434	0.3659982137276718	
2.437376775115814	2.274320383284375	
2.437591049123916	2.193842967349793	
2.571380109799325	5.765698612842918	
5.765691885585796	3.711785563628004	
0.5174866943366719	2.571380109799335	
3.71180519738025	0.5174866943366727	
4.167279306512816	2.888108868986483	
3.632648381697426	4.485733271758042	
4.56350039633823	3.28285018801276	
2.606904327834257	2.304864773258553	
2.512377624029739	2.336975145810894	
2.299539335429174	1.989234806871647	
3.99447914766485	2.934949922395041	
3.673432306282723	4.823203253657771	
4.232517306001576	6.01015597047965	
0.2730293366999366	4.232517306001576	
2.050668001178056	0.2730293366999848	
6.0101559704796	2.050668001178054	
4.808391676654213	2.101466033895398	
2.101007461218538	1.475222039384312	
2.598576472819851	5.298051143482678	
0.9854173748569376	2.600051937792033	
3.684608834359732	0.9851341636969064	
5.747434928709152	5.586744270878227	
0.6964410363013527	5.747434928709146	
0.5357503784704394	0.696441036301348	
5.586744270878241	0.5357503784704388	
3.118926329091723	3.828778862646574	
1.444341823032111	3.168385918542388	
1.055380902273632	5.092271864642943	
5.092271576971434	5.227802686802137	
1.190913730208149	1.055382620377462	
5.227802686802124	1.190913730208146	
5.857498020940518	4.750001624954694	
1.533183682224885	5.857498020940519	
0.4256872862390634	1.533183682224883	
4.750001624954702	0.4256872862390627	
3.610493074815366	5.407933694857776	
0.8752538633007717	3.610545670212311	
4.662275179943452	3.319350151567487	
4.375767425022444	3.204796109433274	
0.1129387935999992	4.746481625872616	
4.746481625872619	6.170246513579588	
6.170246513579559	1.536703681307077	
1.536703681307081	0.1129387936000279	
2.346144314498678	4.07981396408693	
2.444307613129718	4.092690159028065	
1.389893807063425	5.176338489505001	
5.176337561522759	4.893270757070919	
1.106846817674581	1.389893807063436	
4.89329150011615	1.106846817674581	
3.341125165842746	2.625487790014027	
4.74407765717992	5.842599712207027	
0.4405855949725592	4.744077657179919	
1.539107649999689	0.4405855949725997	
5.842599712206986	1.539107649999682	
0.3829136465940876	4.703917367301963	
4.703917367301967	5.900271660585496	
1.579267939877637	0.3829136465941201	
5.900271660585465	1.579267939877633	
4.061692162278387	5.014471883721825	
3.85228633773376	3.216340272530557	
2.738071377291318	5.42554758930296	
5.425745226009508	3.545217413919639	
0.8585277589533319	2.738663368062276	
3.545113929888263	0.8576377178766231	
2.782215717956189	4.063492680935624	
0.04723279031005449	4.817829897742172	
4.817829897742172	6.235952516869533	
6.235952516869514	1.465355409437641	
1.465355409437643	0.04723279031007227	
2.510265212966432	2.134542688161972	
1.04594585692747	3.035077171455903	
1.11455741307198	2.981980938736037	
4.161402563536655	2.360457313077567	
4.115597351860396	2.264411714471623	
3.439116264001342	3.394672770124009	
2.177720951004373	3.648643976743401	
3.479987166344627	2.752983636199907	
2.352076295183626	2.143175214156747	
2.268403146791306	2.187351612567434	
0.447988758661922	5.622606338906343	
5.622606338906341	5.835196548517667	
5.835196548517676	0.6605789682732448	
0.6605789682732501	0.4479887586619125	
2.813002927752199	3.967407659134647	
4.427254230131455	2.411305153998178	
4.413173574886211	2.300726378855308	
3.145266510226107	4.559468700259456	
3.652170959554413	2.733421101694256	
0.0507745088193909	3.618379974133727	
6.231510266860693	2.663785713357803	
3.618328439044082	6.232431460342127	
2.663785713357801	0.05167504031889371	
1.955618375940913	4.460481917671302	
3.430522982429982	4.251448364057215	
4.252855847854784	2.367091846801407	
4.315613392546009	2.278956846681009	
2.368332786393533	5.492432241745981	
5.502862128679173	3.911130162897557	
0.7907530654336038	2.368332786393538	
3.914852520786047	0.7907530654336044	
3.74557449385945	4.266918115865788	
4.372819221903126	4.480020206018615	
5.412909091130526	2.684979081449786	
2.682368521285209	0.8731546289694727	
1.812035498557807	2.04776248290712	
4.235853798139471	1.810907684391487	
3.190371959739797	4.484136491249322	
4.541996276043619	4.512838196818952	
2.525179901096506	3.262156661357448	
1.19735559987281	3.492611808755518	
6.040874432841871	4.134054617031531	
2.149130690148049	6.04087443284187	
4.134054617031534	0.2423108743377186	
0.2423108743377171	2.149130690148051	
2.846846386007182	6.236868322651066	
6.23686832265107	3.4363389211724	
0.04631698452851683	2.846846386007188	
3.436338921172398	0.04631698452851648	
0.3175569355860353	0.1696491805367119	
6.113536126642877	0.317556935586033	
5.965628371593542	6.113536126642897	
0.1696491805366969	5.96562837159354	
0.1766540825075928	0.3183743004730754	
5.96481100670651	0.1766540825075891	
0.31837430047307	6.106531224671988	
6.106531224671993	5.964811006706514	
3.188093954997506	2.262230335360195	
3.223506018353925	2.161618027584102	
2.070322270775419	5.856364456920854	
5.856364456920852	4.212863036404161	
0.4268208502587333	2.070322270775421	
4.212863036404164	0.4268208502587335	
3.243856223531708	3.113770409015978	
4.954285737611746	2.924976682451672	
2.306565048103434	4.182811680685694	
4.662220582041742	2.59874583315284	
4.175762451030371	2.565106041734663	
3.983937789475119	2.085837118348508	
3.414958136496026	5.027216220788453	
2.868462749245796	1.255827303260087	
1.595946231471284	3.864933362323634	
1.565338374189973	3.954547393729614	
3.201004541302524	4.651812439409291	
3.079970260107693	1.629734957463379	
3.481965088005556	2.309099235014294	
3.034003472861224	5.237802158431611	
2.980939917550382	5.169202305749307	
3.249200004585916	1.045363095375918	
3.302263559896759	1.113962948058221	
3.561758269315884	2.681393177945762	
4.50165122572743	2.737359462106495	
2.71484107259989	4.974223673113347	
2.726531357200714	5.069780309395898	
1.308969061008001	2.714851847374698	
1.213412424725449	2.72654213197552	
3.567190714330183	1.311958887214474	
3.555500429729362	1.216402250931921	
5.849153506585744	5.838786304171626	
0.4443990030079589	5.849153506585745	
0.4340318005938382	0.4443990030079585	
5.838786304171628	0.4340318005938357	
1.699522508370213	3.872063043344352	
4.384288336812231	4.386878782345069	
4.314336826181836	4.308602944535478	
1.828450437789743	4.000314968460358	
3.009980484006627	1.953375841740366	
2.593857668238929	3.3213566188955	
6.046816795055379	4.217329339612706	
2.065855967566873	6.046816795055377	
4.21732933961271	0.2363685121242131	
0.2363685121242121	2.065855967566874	
2.542439655715545	5.092551767259681	
1.190026710003226	2.543323129916778	
3.740745651464034	1.190633539919903	
1.182895381417789	5.229315414028703	
5.229315414028703	5.1002899257618	
1.053869893150878	1.182895381417799	
5.100289925761787	1.053869893150878	
3.526701334693529	2.391409692563648	
3.677518483928143	4.662226792889147	
2.611210523573702	1.617489797293548	
3.490461757386982	5.085178866894623	
2.792959128354839	1.197864657153917	
2.124323241932826	2.510218349086897	
2.025261631125964	2.496123196400196	
4.175756888576108	5.447588134514758	
4.108658113040077	5.372772475760212	
0.8357183114423019	4.173419682339068	
0.9105339701968502	4.10632090680304	
5.447270162328071	2.110085849101511	
5.372454503573538	2.177184624637545	
2.110092206130703	0.835907748095049	
2.177190981666735	0.9107234068495846	
4.631130639575741	1.982077343979015	
1.980672016917814	1.651992393973595	
4.679895527597805	1.923885131335972	
1.922479804274773	1.603227505951531	
2.574500864208577	1.685437228721485	
3.339008911139293	4.414817409621016	
3.006022635042084	5.332658787544989	
0.9506906066092949	3.006328561602191	
2.918795683096886	5.372783541216749	
3.277180228126284	0.9505601083633756	
0.9105151700889222	2.918978424139668	
3.364407180071483	0.910435354691615	
2.894701691756323	5.908303196679818	
5.908303196679809	3.388483615423259	
0.3748821104997739	2.894701691756334	
3.388483615423249	0.374882110499773	
4.241580855093504	3.737461652330524	
4.566003282893531	2.24220708510605	
4.469003740203499	2.23074408031147	
2.683545848991219	2.005518764149364	
2.753902169322127	3.356149829859988	
2.723560322242989	3.449194531700119	
4.811350739992457	3.129965378798056	
4.712669967692775	3.159500244622197	
3.991656070615984	2.388052010759802	
5.791791404984886	3.92109732420292	
2.362085894279618	5.791792120650548	
5.871893963337744	3.86003225928703	
0.491393186529048	2.362085894279621	
2.423150959195508	5.871894679003406	
3.921099412899963	0.4913931865290499	
0.4112906281761898	2.423150959195513	
3.86003434798407	0.4112906281761921	
1.463003725312477	3.593031858082467	
4.939517956769564	3.514016817684968	
1.963241322188799	5.716706254759607	
5.714691462203409	4.321046706238752	
2.048947531066474	5.761103609711316	
5.759088817155115	4.235340497361075	
0.5664790524199702	1.963241322188802	
4.319943984990783	0.5664790524199665	
0.5220816974682669	2.048947531066476	
4.234237776113108	0.5220816974682649	
4.841100475284313	3.052109476869665	
1.076757652941449	4.796659931521782	
4.795030366549256	5.203797243341339	
5.206407095032557	1.486524363490354	
1.486524363490353	1.07677821214703	
2.991819430931768	5.529760162524858	
5.531309788158771	3.293421695438829	
0.753436471002018	2.991848576109319	
2.91337462660113	5.480375140500112	
5.481716128820789	3.371636112771112	
3.291385940234996	0.7534635317733336	
0.8028214930267632	2.91340377177868	
3.369830744565635	0.8028485537980794	
5.076319978448133	4.942445754947442	
1.340718809186903	5.076320906430373	
4.942466497992671	1.206864400749208	
1.206864400749209	1.340718809186916	
3.463111682759084	3.492229976141956	
3.160846974471025	4.831403607243205	
3.13590568422964	4.725884400089482	
3.147545256638101	1.556617644586002	
3.123615334991823	1.45366133712308	
3.031974699740926	3.803605263930331	
2.948040843835216	3.859452842881888	
3.029852781639345	5.814056755108449	
5.814861868098813	3.254281750629	
0.4691283115658532	3.029853171940077	
3.254211614546104	0.4683036679115164	
2.021670703391391	4.880226573641366	
2.025253345689478	4.984187959026706	
1.402958733538216	2.021670703391392	
4.261514603788193	1.402958733538215	
1.298997348152877	2.025253345689478	
4.257931961490106	1.298997348152876	
5.031134349629184	2.301782669730698	
2.304872189036637	1.249884829583535	
0.8915571486814144	5.693450700761358	
5.693450700761365	5.391628158498164	
0.5897346064182259	0.8915571486814142	
5.391628158498175	0.5897346064182253	
1.442603262134832	3.684644224295043	
2.468519903371126	5.154988769245252	
1.127589708017655	2.469403377572355	
3.814665403808456	1.128196537934333	
4.492460194076858	3.346025693950181	
3.91049657170741	4.380888427805535	
3.990555702502298	4.436761442700904	
2.222061984470153	4.200841874364943	
4.625674525886335	5.256705473185554	
1.024393117544632	4.634678535481871	
5.258668033220183	1.648437543196009	
1.648437543196007	1.024517273959404	
1.466492195141951	3.983363125037209	
4.015264293765746	2.278753875637177	
2.188837121218709	5.565740840170617	
5.559145055231839	4.090170085807649	
4.094348185960876	0.7174444670089625	
0.7174444670089639	2.18883712121871	
3.498404927985519	2.921142686554892	
2.994769558360571	5.884347648609323	
5.884347648609315	3.288415748819012	
0.3988376585702684	2.994769558360581	
3.288415748819001	0.3988376585702676	
2.682373576477814	2.464551822101126	
5.144280347181208	3.360319588497047	
4.685046733900113	3.426068232872897	
3.580806144494642	4.81727112936803	
2.707924343960931	1.46197535744331	
4.55365228137868	4.42249140095281	
4.662475139491717	4.012666538807347	
2.609845681711238	1.453230599753689	
3.389943406171009	2.565053640863636	
3.330616238998482	2.425831778149877	
4.282152657577201	2.727908144980513	
4.120774883584949	2.648807482832869	
4.868483804489759	4.290934715311105	
3.380273908724858	2.472984931830656	
1.48687572360226	5.156673761515487	
5.156663739307273	4.79608555868873	
1.126511545664097	1.486875723602269	
4.796309583577316	1.126511545664096	
2.340156291473578	6.184298929553657	
6.184298929553655	3.943029015706007	
0.09888637762592656	2.340156291473579	
3.943029015706006	0.098886377625926	
2.20540059195832	3.841833809593306	
2.786567544893728	2.193308342439803	
2.86750103709959	2.152936152779926	
1.654205508535219	4.438492944154532	
1.744307498671333	4.453531703028716	
3.463358591607435	3.222078403085788	
3.498375224555717	3.135696851026484	
2.196976540368046	2.437190002743584	
2.240964337431301	1.684925806946333	
5.673347202140917	5.921026485791108	
0.3621588213884779	5.673347202140921	
0.6098381050386682	0.3621588213884717	
5.921026485791116	0.6098381050386626	
3.214386409484296	3.743309376205811	
0.04135645932667855	4.027666194533677	
4.027666194533678	6.241828847852908	
6.241828847852908	2.255519112645875	
2.255519112645876	0.0413564593266789	
4.89102522694463	4.130269881677473	
3.084961144598344	2.866588335700555	
0.9725101847170177	5.172969874379082	
5.172969833283153	5.310674877019165	
1.110215473896433	0.9725104301604293	
5.310674877019155	1.11021547389643	
2.350176325347975	5.312143200731967	
0.9710421064476176	2.350176325347979	
3.933008981831605	0.9710421064476176	
1.629018672944613	3.683158193466172	
5.240985588006567	3.988133010006995	
3.93484590799667	4.906771418348236	
1.689863060439871	3.385428548782475	
2.602352955120424	2.994623992087552	
2.626029102230635	2.908788742101908	
4.592001155917095	6.071679585303905	
0.2115057218756811	4.592001155917089	
6.071679585303908	1.691184151262484	
1.691184151262483	0.2115057218756766	
5.138661636926067	3.915665189752674	
1.378939343041708	3.923415468460222	
0.816812119826578	6.186688312217793	
6.186688312217794	5.466373187353006	
5.466373187353008	0.09649699496179462	
0.09649699496179487	0.8168121198265781	
5.473953584846378	6.16944944522716	
0.1137358619524255	5.473953584846377	
6.169449445227146	0.8092317223332117	
0.8092317223332124	0.1137358619524388	
1.819063235923953	5.665171780245671	
5.666888062862724	4.464050888826868	
4.464122071255623	0.6180135269338968	
0.6180135269339007	1.819063235923959	
2.063805674970948	4.454593542507292	
3.597372001943764	4.323371928948982	
3.643781216754146	4.242280598546692	
3.301582183392064	3.783646327009105	
0.1040513060219706	6.244583848107657	
6.244583848107659	6.179134001157618	
0.03860145907192847	0.1040513060219609	
6.179134001157628	0.03860145907192673	
0.1040513060215907	0.03860145907203617	
6.244583848107552	0.1040513060215892	
0.03860145907204603	6.179134001158022	
6.179134001158023	6.244583848107543	
2.363630745846222	2.061161306432427	
0.1092654618082463	3.52118994110594	
3.52110159523798	6.173955265911797	
2.760361412517693	0.1116650540719872	
6.1715202531076	2.760361412517695	
2.437881781731209	5.328767764512037	
0.9544175426675472	2.437881781731212	
3.845303525448371	0.9544175426675476	
1.859233823966923	4.860090801338367	
1.423094161459368	1.859234184326978	
4.423951122852608	1.423094161459366	
0.2911307060721383	4.722789352686808	
4.722789352686815	5.992054601107445	
1.560395954492778	0.2911307060721743	
5.992054601107412	1.560395954492775	
3.420075087210114	3.910093236945508	
3.474116945164492	3.991138932053562	
4.869186329952568	5.415966316674819	
0.8672166804382813	4.869184768806487	
1.413998977227014	0.8672189905047818	
5.415966316674801	1.413998977227014	
4.335082759611367	1.802015938122376	
1.803143752288696	1.948533521435226	
4.333390303122908	5.377087724450636	
0.9055505542546464	4.331199953200873	
5.377246705156582	1.952180348191677	
1.952180348191674	0.9059386020230025	
5.35384213624116	4.613317654421727	
1.672307951898562	5.354506625719875	
0.9286786814597054	1.672307951898566	
4.61087735528102	0.9286786814597094	
4.824432404117781	4.217531030399833	
3.520820997727478	2.828168060588024	
2.348418922455064	3.473326379895775	
2.776498198457898	2.29809644936101	
5.928443413988238	5.692829527477792	
0.5903557797017899	5.92844341398824	
5.692829527477797	0.354741893191343	
0.3547418931913447	0.5903557797017905	
6.245435321725168	4.02516558740614	
2.258019719773445	6.245435321725169	
0.03774998545441522	2.258019719773445	
4.025165587406141	0.03774998545441454	
2.645175861776801	5.134137170463369	
1.148441306799538	2.646059335978034	
3.638009445402778	1.149048136716216	
2.665676772275766	3.905830781433717	
4.62739393306702	6.008970033973884	
0.2742152732057015	4.627393933067014	
6.008970033973861	1.655791374112573	
1.655791374112575	0.2742152732057261	
5.178821798908213	3.453576239046185	
2.647998321038005	3.811192252230209	
2.442241645887878	4.443028471540445	
1.827489066067576	2.440966155495196	
3.841398917338543	1.823759707982165	
4.266831218625613	5.450787359074349	
0.8319189944084802	4.264687908565636	
5.450946339780289	2.018739432688968	
2.018739432688966	0.8322389673992949	
2.763293435845377	3.9032399757892	
5.200885378665546	6.243069789233164	
0.04011551794642115	5.200885378665543	
1.082299928514102	0.04011551794642911	
6.243069789233158	1.082299928514101	
1.080750232741688	6.246205019132306	
6.246205019132309	5.202435074437898	
0.03698028804728009	1.080750232741687	
5.2024350744379	0.03698028804727962	
2.421523389153074	3.399535483623401	
4.667509006609865	3.917538671185333	
4.595604700067027	3.851041334130044	
3.925091557378822	6.020907637195341	
0.2622776699842435	3.925091557378827	
3.823906376829494	6.027902238591911	
0.255283068587675	3.823906376829498	
6.027902238591914	2.459278930350076	
2.459278930350075	0.2552830685876739	
6.020907637195341	2.358093749800742	
2.358093749800743	0.2622776699842467	
4.867500395141202	2.255028348310021	
2.258943125025067	1.423886801314628	
2.465921997457974	3.10296873689675	
1.952757295835625	4.835507847704789	
1.447677390598423	1.952757367907637	
4.330427939271949	1.447677390598422	
2.679426822471975	3.058993574811998	
5.327007025546964	4.275496601416727	
1.155324779343067	5.657272057995569	
5.657272057995576	5.127860527836529	
0.6259132491840148	1.155324779343071	
5.127860527836514	0.625913249184016	
0.2945243112747484	6.249890308525767	
6.249890308525769	5.988660995904834	
0.03329499865381749	0.2945243112747482	
5.988660995904835	0.03329499865381538	
0.0332949986536993	5.988660995906141	
5.988660995906141	6.249890308525892	
0.2945243112734481	0.03329499865371333	
6.249890308525877	0.2945243112734483	
1.850664440071354	5.845375074297873	
5.845375074297874	4.432520867108229	
0.4378102328817095	1.850664440071357	
4.432520867108226	0.437810232881708	
4.421942107990582	5.422858054386946	
0.8601498533286951	4.421517465844969	
5.422884551171246	1.861640756544837	
1.861640756544834	0.8603007560083378	
5.151664413234029	3.806745521494303	
2.682418510067442	2.356746452178112	
4.002019868674178	3.901029494757581	
3.037088958795622	4.535364851765189	
1.745920799303747	3.040228914220024	
2.425684974624174	1.393138728939046	
3.336115149353682	5.227593552716271	
3.287621371864077	5.152042457442915	
2.947420982081638	1.055801249944511	
2.995664869116529	1.131227899145686	
2.652875935408863	3.145672609237584	
1.79365596930771	4.365437650426612	
3.938296777966095	3.131100920889439	
2.992738190274247	4.599418985823995	
1.681220161548443	2.996780961766205	
1.055218933208704	3.337257040131313	
1.13041260422447	3.28996130832766	
4.113693185979623	5.098405159467188	
4.001578185379663	2.828438135255773	
3.111023834107034	5.643092290987608	
0.6400874002142312	3.111027007171647	
5.642950104891336	3.174294057943627	
3.172817632307019	0.6395925517888877	
3.616837990704906	4.968638236988927	
3.597641804689565	5.054363279954448	
2.666177650137031	1.31243831685265	
2.685737432643136	1.228659503082064	
5.138258912156425	5.399625332138426	
0.883559729597756	5.138258953252357	
1.144926395023161	0.8835599750411671	
5.399625332138417	1.144926395023157	
3.445011719315827	5.891006652640771	
0.3923039908780547	3.445307757167805	
3.365773053344084	5.832142684553971	
0.451079407613706	3.365848226526168	
2.209898177043927	5.411492962671602	
2.162042771179725	5.486680414381315	
0.8716923445079803	2.209898177043929	
4.073287130135657	0.8716923445079805	
4.12114253599986	0.7965048927982659	
0.7965048927982665	2.162042771179725	
1.31378401233054	3.620601908780301	
1.227836660074005	3.59933365850109	
1.183596208351085	4.106877749532473	
4.769498645277926	2.26036891261853	
2.2505842010643	1.51965104794268	
4.478257676996335	2.890615492295051	
4.432637253114421	2.814224661386924	
1.859549712590016	3.441665279733844	
2.505105685830175	5.673398455797586	
5.673391728540465	3.778059987597152	
0.6097868513820046	2.505105685830183	
3.778079621349402	0.6097868513820058	
5.329359864614474	3.944092373501788	
3.092325180825854	2.28137382426076	
3.028017434037692	2.209755703895206	
2.464918499766303	1.686471024784865	
2.453099978070803	1.766736171378865	
5.559632074565413	5.097638992118797	
1.185546315060802	5.559632074565405	
0.7235532326141739	1.185546315060809	
5.097638992118777	0.7235532326141764	
4.781899785573193	2.454123806954036	
4.87131593433378	3.346220752795277	
4.317991791376404	6.072555740653756	
0.2106295665258285	4.317991791376403	
4.424212130193609	6.031456970521504	
0.2517283366580825	4.424212130193609	
1.965193515803263	0.2106295665258388	
6.072555740653745	1.965193515803263	
6.031456970521485	1.858973176986039	
1.858973176986038	0.2517283366580991	
2.148397951840919	5.318283917534829	
0.9649013896447541	2.14839795184092	
4.134787355338665	0.9649013896447548	
0.3683951565916253	0.09064002134766662	
6.192545285831923	0.3683951565916238	
0.090640021347653	5.914790150587927	
5.914790150587925	6.192545285831939	
0.3702648351839334	6.186592697565703	
0.09659260961387962	0.3702648351839373	
5.912920471995646	0.09659260961387676	
6.186592697565708	5.91292047199565	
4.729439783560625	3.257878669306195	
0.6136422075972912	5.134516932231012	
5.134516932231008	5.669543099582301	
5.1160276325019	5.571030885971119	
0.7121544212084718	5.116027632501906	
5.669543099582285	1.148668374948576	
1.14866837494858	0.6136422075972923	
1.167157674677687	0.7121544212084762	
5.5710308859711	1.167157674677683	
4.347023927189711	5.890009242009294	
0.3931760651702896	4.347023927189711	
1.936161379989889	0.3931760651703343	
5.89000924200925	1.93616137998989	
2.732042703127223	2.888462279474125	
4.322686664926746	1.974222071398325	
1.983659015894955	1.968232700203237	
4.389992618910981	1.897487156951871	
1.901272591510457	1.894315742495079	
0.09705913555918572	3.9475800619113	
3.947580061911299	6.186126171620401	
2.335605245268278	0.09705913555918562	
6.186126171620401	2.335605245268277	
2.582831972524237	1.357237021082424	
2.500185919485664	1.316103495647284	
1.058066607118556	5.793885933233767	
5.793885933233772	5.225118700061025	
5.225118700061032	0.4892993739458193	
0.4892993739458205	1.058066607118556	
4.746431307243771	4.070970845443391	
0.09821989634712262	4.496306840968088	
4.496306840968091	6.184965410832462	
6.184965410832483	1.78687846621159	
1.786878466211586	0.09821989634710294	
3.98036466225846	6.092605541728482	
0.1905797654511053	3.980364662258461	
6.092605541728475	2.302820644921108	
2.302820644921109	0.1905797654511096	
2.804345996457227	2.951649944187081	
1.829113390336881	4.771382539156657	
4.454071556482649	1.511802423641077	
1.511802423641079	1.829113750696938	
4.724670912987455	3.74006283021685	
2.352489289754052	2.32095318545804	
2.269030415369834	2.284652167934145	
1.711691600541299	5.544147719512139	
5.545199512650469	4.573862823350223	
4.571493706638279	0.7390375876674377	
0.7390375876674373	1.711691600541304	
4.974246994251319	4.258437939317392	
2.558010368675943	2.840910096616268	
3.117336754383297	1.717903209593002	
4.498707130267678	6.086307650191244	
0.1968776569883425	4.498707130267672	
1.784478176911947	0.1968776569883272	
6.086307650191258	1.784478176911952	
5.260259545014454	3.778668201721278	
4.918795057784267	2.00692307912216	
2.006680179399492	1.364375505819355	
3.070640757046248	1.793953053250948	
1.872630926463459	5.582203684791446	
5.584919652493646	4.416593594743457	
0.700981622388128	1.872630926463458	
4.410554380716128	0.7009816223881242	
4.069713530504915	4.37771229520662	
5.428792674731138	3.986973726150714	
2.304699586077822	5.408095335386107	
0.8750899717934774	2.304699586077825	
3.978485721101759	0.8750899717934778	
4.432503239571799	5.939328632497702	
0.3438566746818829	4.432503239571797	
1.850682067607807	0.3438566746819119	
5.939328632497672	1.850682067607808	
2.499108418719868	5.260467723504343	
1.022110753758564	2.499991892921096	
3.784076888459714	1.022717583675242	
3.440272839449193	2.059451264725234	
3.335617640347929	2.336142694157246	
3.386432026383417	2.288379699858586	
4.388641530938088	3.655775193470323	
4.474086978821775	3.69395107722208	
3.311825329457129	2.136490157081407	
3.571341291801555	3.976458248035255	
3.610377354596234	3.877846896992461	
2.469475435251498	2.854503060289153	
4.374422854891125	3.882707574980182	
3.903015156442892	4.049484330981239	
3.98603670276207	4.103097672751239	
5.335631045314396	3.843547233474441	
1.365117560831527	4.269790092726545	
3.699360574069752	3.862646653275382	
2.494800741934796	3.521396087292	
5.559013195329438	4.255262279450126	
2.035128219677913	5.57057709154832	
5.607836346009655	4.332611423638354	
1.957787001245292	5.608851453480706	
4.248057087501678	0.7126082156312556	
0.7126082156312581	2.035128219677909	
0.6743338536988706	1.95778700124529	
4.325398305934298	0.6743338536988669	
4.510762787771174	3.861445569677074	
4.461914661607007	3.926199734473412	
3.18865381427142	5.15768150270134	
3.140815572619237	5.227123705528003	
3.094608948567628	1.125548059503177	
3.142447190219809	1.056105856676514	
4.824704058740973	2.010628180545222	
2.008927882486526	1.458378043406854	
2.991955200228381	2.404954874293642	
3.076137818720047	2.374438506078517	
4.962765459574865	1.920192478745176	
1.919949579022507	1.320405104028757	
1.125414550248701	3.191039176001561	
1.05643792962145	3.142088223427694	
1.319505973161686	4.363641590995359	
4.326660880820667	3.740750364733399	
3.053531996876832	2.119339390714993	
3.153251807021412	2.090345203304455	
1.878182132590345	5.748050539123374	
5.748050539123377	4.405003174589241	
0.5351347680562005	1.87818213259035	
4.405003174589234	0.5351347680561968	
3.625168997970853	2.821916394242921	
4.538524627050736	1.812304549492188	
1.812356620767017	1.744686867954393	
3.24376609112694	2.322895100774065	
5.372894169815049	5.034443107929317	
1.248742199250273	5.372894169815049	
0.9102911373645315	1.248742199250281	
5.034443107929303	0.9102911373645336	
3.840327639205404	4.890465489822771	
4.442820744230441	4.632378574113723	
4.634815906148653	1.826559656030072	
1.826611727304901	1.648395588856477	
2.36227602708714	2.409125439172052	
2.292208061433823	2.464547904233394	
0.4066863526935365	5.527114917572919	
5.527114917572919	5.876498954486054	
5.876498954486063	0.7560703896066732	
0.7560703896066787	0.4066863526935258	
5.52270592665249	5.448253070768075	
0.8349322364115092	5.522705926652484	
0.7604793805271008	0.8349322364115073	
5.448253070768079	0.7604793805270991	
6.067399918493589	0.1519579306194546	
6.131227376560132	6.067399918493582	
0.1519579306194592	0.2157853886859976	
0.215785388686006	6.131227376560123	
6.080959230732709	0.07189645772574209	
0.07189645772574596	0.2022260764468771	
6.211288849453842	6.0809592307327	
0.2022260764468868	6.211288849453839	
6.211288849453842	0.2022260764460719	
0.2022260764460734	0.0718964577257495	
6.080959230733542	6.211288849453849	
0.07189645772574531	6.080959230733541	
6.132279690264798	0.216837702390122	
0.2168377023901243	0.1509056169147948	
6.066347604789467	6.132279690264806	
0.1509056169147893	6.066347604789463	
4.458597729302937	3.147040640819124	
1.34398332331635	4.110200955081454	
0.8579418308646416	5.037563080504133	
5.037563256558222	5.4252428657987	
5.425242865798687	1.245622050621358	
1.245622050621361	0.8579424413808959	
5.441224378874398	5.500225597493424	
0.7829597096861634	5.441224378874394	
0.8419609283051935	0.7829597096861634	
5.500225597493421	0.8419609283051919	
4.549092241903217	3.18999753833022	
4.772963737641073	1.933931938653136	
1.93223164059444	1.510118364506753	
2.746701169822725	2.807846778168197	
3.696022766703348	4.922139766826798	
3.779726795684178	4.961621627201183	
3.474706024619284	1.881822061718893	
3.075869601614234	4.895774841020857	
2.975384601072472	4.849409333044517	
1.385183538131795	3.07896971189746	
1.432378839221126	2.9769287235171	
3.207802504110248	1.38674805162116	
3.308424116428122	1.433384893787603	
4.453997516317647	4.198376514210392	
5.106193564196145	2.020310832164019	
2.020310832164016	1.176991742983445	
1.922241300961355	1.223438423516121	
5.059746883663469	1.922241300961357	
2.825068722652078	2.770602456373355	
4.454880299725035	4.544268042189215	
4.265448653393109	2.894953472857603	
4.330757026586601	2.813704816657433	
4.122987971032946	4.936779840244346	
1.386352473442005	3.837047257321838	
4.887371444593327	2.164254084178135	
2.168750609754388	1.397949005945657	
3.47856966841165	2.460934839710523	
2.571627214986291	3.401261279755106	
5.601255652520218	4.171763487133282	
2.113030472325963	5.616358885498764	
2.121395462771016	5.699030602382857	
5.694476158152143	4.163406422443834	
0.6668264216808171	2.113030472325963	
4.170154834853623	0.6668264216808147	
0.5841547047967263	2.121395462771018	
4.161789844408569	0.584154704796724	
1.306017587039015	3.78216075014211	
2.495700016565789	3.433947382310013	
2.588641170640662	2.767159674991092	
1.345584893845729	3.70049485254476	
2.551422107215917	3.173290260096838	
1.173341002089004	4.269956892607567	
1.222160583155673	4.364410539757666	
3.9225648202062	3.754690969438892	
4.011946774284983	3.813792397451302	
3.167602691965457	1.998575648960631	
4.626726181432392	3.756833487959941	
2.941231389804073	2.227615378031496	
3.540249527796119	4.903937665190753	
3.445549720889821	4.931700062050103	
2.744251642046203	1.378089231975274	
2.839315045443265	1.352273064310858	
1.378403939744471	3.546847960541843	
1.349133715408207	3.452255574577395	
4.354193101762133	4.205766154876503	
4.507858323894317	4.275114344173826	
3.372529284852233	3.207407498658289	
2.775406262912189	3.036345989539309	
2.629466345171919	3.46465581005778	
2.200455300959394	6.114890486049912	
6.114890486049915	4.082730006220189	
0.1682948211296709	2.200455300959395	
4.082730006220189	0.1682948211296705	
3.662272699276378	4.399939975015323	
3.007233069817139	4.438707360481507	
1.844468450286097	3.008293094919309	
3.522093486796361	3.646804591695588	
3.581314900435126	3.712358470640664	
3.912374516577273	3.94701017679657	
2.537160673381994	2.695241324739262	
2.901392280129924	4.595579629159824	
1.686949677911281	2.903355121299652	
4.073154073293897	3.681000418298487	
3.845074278702653	3.898484358121372	
3.454376044900151	3.821182643455622	
3.547453965649208	3.803616987520882	
3.375540937351712	1.869476024828812	
4.75493528081628	2.547590228814295	
3.055977619300334	2.564750590556664	
2.978045290041497	2.499823789869584	
2.682038645503693	3.291706447358041	
2.714814706554217	3.204888838960735	
5.415383775113553	4.32417216271735	
5.470861649232758	4.250957189574467	
4.830834807566827	2.604178104394984	
4.4780054199692	4.360779822649527	
3.845337676720775	3.793402248069974	
3.75787758389555	3.932165937546569	
2.692636325644731	2.671397514535762	
3.097180365754105	1.940647134500356	
3.372909000458085	2.19771628062494	
2.96027317433147	4.756748494175835	
1.5244574469354	2.962550115312398	
3.324075310482673	1.535519732525254	
2.177869327681475	6.197618733314377	
6.197618733314378	4.105315979498108	
0.08556657386520602	2.177869327681476	
4.105315979498108	0.08556657386520532	
3.035816884631848	4.697594794998453	
1.581720986414115	3.040173755935004	
3.247383619811076	1.591839197821732	
4.084683571696734	3.770789842418709	
2.671318370890856	2.754422819170804	
4.818823293227283	3.278124531390545	
1.313616724681532	4.195448424137151	
4.378936929800055	3.806955650159658	
3.117581048099213	1.863244480790526	
3.198222491039062	1.850028623961922	
1.219185555945022	4.194846275255865	
3.450365579022094	2.148814872917835	
4.873180308748353	3.200651341137117	
4.459015241709035	3.785506428106096	
